1.00995  0.00985858  0.99  0.971716
-1.00995  -0.00985858  -0.99  -0.971716
-0.0101414  1.00995  -1.02828  0.99
0.0101414  -1.00995  1.02828  -0.99
1.0198  0.0194366  0.980464  0.943894
-1.0198  -0.0194366  -0.980464  -0.943894
-0.0205624  1.0198  -1.05591  0.979915
0.0205624  -1.0198  1.05591  -0.979915
1.02956  0.0287387  0.971357  0.916529
-1.02956  -0.0287387  -0.971357  -0.916529
-0.0312564  1.02955  -1.0829  0.969743
0.0312564  -1.02955  1.0829  -0.969743
1.03923  0.0377695  0.962646  0.889614
-1.03923  -0.0377695  -0.962646  -0.889614
-0.0422172  1.03919  -1.10926  0.95948
0.0422172  -1.03919  1.10926  -0.95948
1.04882  0.0465332  0.954299  0.86314
-1.04882  -0.0465332  -0.954299  -0.86314
-0.0534386  1.04874  -1.13501  0.949125
0.0534386  -1.04874  1.13501  -0.949125
1.05832  0.0550344  0.946288  0.837098
-1.05832  -0.0550344  -0.946288  -0.837098
-0.0649145  1.05818  -1.16017  0.938679
0.0649145  -1.05818  1.16017  -0.938679
1.06774  0.0632773  0.938587  0.811481
-1.06774  -0.0632773  -0.938587  -0.811481
-0.076639  1.06751  -1.18474  0.92814
0.076639  -1.06751  1.18474  -0.92814
1.07709  0.0712661  0.93117  0.786278
-1.07709  -0.0712661  -0.93117  -0.786278
-0.0886064  1.07674  -1.20875  0.917509
0.0886064  -1.07674  1.20875  -0.917509
1.08637  0.0790049  0.924015  0.761479
-1.08637  -0.0790049  -0.924015  -0.761479
-0.100811  1.08586  -1.2322  0.906787
0.100811  -1.08586  1.2322  -0.906787
1.09557  0.0864977  0.917101  0.737075
-1.09557  -0.0864977  -0.917101  -0.737075
-0.113248  1.09487  -1.25511  0.895976
0.113248  -1.09487  1.25511  -0.895976
1.10471  0.0937483  0.910409  0.713055
-1.10471  -0.0937483  -0.910409  -0.713055
-0.125911  1.10378  -1.27748  0.885077
0.125911  -1.10378  1.27748  -0.885077
1.11378  0.100761  0.903919  0.689407
-1.11378  -0.100761  -0.903919  -0.689407
-0.138795  1.11257  -1.29935  0.874092
0.138795  -1.11257  1.29935  -0.874092
1.12279  0.107538  0.897616  0.666123
-1.12279  -0.107538  -0.897616  -0.666123
-0.151895  1.12126  -1.32071  0.863023
0.151895  -1.12126  1.32071  -0.863023
1.13174  0.114085  0.891483  0.64319
-1.13174  -0.114085  -0.891483  -0.64319
-0.165206  1.12983  -1.34157  0.851872
0.165206  -1.12983  1.34157  -0.851872
1.14062  0.120404  0.885507  0.620598
-1.14062  -0.120404  -0.885507  -0.620598
-0.178724  1.1383  -1.36196  0.840643
0.178724  -1.1383  1.36196  -0.840643
1.14945  0.126498  0.879675  0.598336
-1.14945  -0.126498  -0.879675  -0.598336
-0.192443  1.14665  -1.38187  0.829337
0.192443  -1.14665  1.38187  -0.829337
1.15822  0.132372  0.873974  0.576394
-1.15822  -0.132372  -0.873974  -0.576394
-0.206359  1.15488  -1.40133  0.817957
0.206359  -1.15488  1.40133  -0.817957
1.16693  0.138028  0.868393  0.554761
-1.16693  -0.138028  -0.868393  -0.554761
-0.220467  1.16301  -1.42034  0.806506
0.220467  -1.16301  1.42034  -0.806506
1.17558  0.143469  0.862923  0.533425
-1.17558  -0.143469  -0.862923  -0.533425
-0.234764  1.17101  -1.43891  0.794986
0.234764  -1.17101  1.43891  -0.794986
1.18419  0.148698  0.857554  0.512378
-1.18419  -0.148698  -0.857554  -0.512378
-0.249244  1.17891  -1.45706  0.7834
0.249244  -1.17891  1.45706  -0.7834
1.19274  0.153718  0.852277  0.491608
-1.19274  -0.153718  -0.852277  -0.491608
-0.263903  1.18668  -1.4748  0.771749
0.263903  -1.18668  1.4748  -0.771749
1.20123  0.158531  0.847085  0.471105
-1.20123  -0.158531  -0.847085  -0.471105
-0.278737  1.19434  -1.49213  0.760037
0.278737  -1.19434  1.49213  -0.760037
1.20968  0.163141  0.841969  0.45086
-1.20968  -0.163141  -0.841969  -0.45086
-0.293743  1.20188  -1.50906  0.748266
0.293743  -1.20188  1.50906  -0.748266
1.21807  0.16755  0.836925  0.430862
-1.21807  -0.16755  -0.836925  -0.430862
-0.308917  1.20931  -1.52561  0.736438
0.308917  -1.20931  1.52561  -0.736438
1.22642  0.17176  0.831946  0.411101
-1.22642  -0.17176  -0.831946  -0.411101
-0.324254  1.21661  -1.54179  0.724554
0.324254  -1.21661  1.54179  -0.724554
1.23471  0.175773  0.827026  0.391569
-1.23471  -0.175773  -0.827026  -0.391569
-0.339751  1.2238  -1.55761  0.712617
0.339751  -1.2238  1.55761  -0.712617
1.24296  0.179592  0.822161  0.372256
-1.24296  -0.179592  -0.822161  -0.372256
-0.355404  1.23086  -1.57306  0.700629
0.355404  -1.23086  1.57306  -0.700629
1.25115  0.183219  0.817346  0.353153
-1.25115  -0.183219  -0.817346  -0.353153
-0.37121  1.23781  -1.58818  0.68859
0.37121  -1.23781  1.58818  -0.68859
1.2593  0.186656  0.812577  0.334251
-1.2593  -0.186656  -0.812577  -0.334251
-0.387166  1.24463  -1.60295  0.676504
0.387166  -1.24463  1.60295  -0.676504
1.26741  0.189905  0.80785  0.315542
-1.26741  -0.189905  -0.80785  -0.315542
-0.403268  1.25134  -1.6174  0.66437
0.403268  -1.25134  1.6174  -0.66437
1.27546  0.192968  0.803162  0.297016
-1.27546  -0.192968  -0.803162  -0.297016
-0.419512  1.25792  -1.63152  0.65219
0.419512  -1.25792  1.63152  -0.65219
1.28347  0.195846  0.798511  0.278666
-1.28347  -0.195846  -0.798511  -0.278666
-0.435897  1.26438  -1.64534  0.639965
0.435897  -1.26438  1.64534  -0.639965
1.29143  0.198542  0.793892  0.260483
-1.29143  -0.198542  -0.793892  -0.260483
-0.452418  1.27072  -1.65885  0.627696
0.452418  -1.27072  1.65885  -0.627696
1.29935  0.201057  0.789305  0.24246
-1.29935  -0.201057  -0.789305  -0.24246
-0.469072  1.27694  -1.67207  0.615383
0.469072  -1.27694  1.67207  -0.615383
1.30722  0.203392  0.784747  0.224588
-1.30722  -0.203392  -0.784747  -0.224588
-0.485858  1.28303  -1.685  0.603028
0.485858  -1.28303  1.685  -0.603028
1.31504  0.205549  0.780216  0.20686
-1.31504  -0.205549  -0.780216  -0.20686
-0.502771  1.289  -1.69765  0.59063
0.502771  -1.289  1.69765  -0.59063
1.32282  0.20753  0.77571  0.189269
-1.32282  -0.20753  -0.77571  -0.189269
-0.519809  1.29484  -1.71002  0.57819
0.519809  -1.29484  1.71002  -0.57819
1.33056  0.209335  0.771228  0.171808
-1.33056  -0.209335  -0.771228  -0.171808
-0.53697  1.30056  -1.72213  0.565708
0.53697  -1.30056  1.72213  -0.565708
1.33825  0.210967  0.766769  0.154468
-1.33825  -0.210967  -0.766769  -0.154468
-0.55425  1.30615  -1.73398  0.553183
0.55425  -1.30615  1.73398  -0.553183
1.34589  0.212425  0.762331  0.137244
-1.34589  -0.212425  -0.762331  -0.137244
-0.571648  1.31162  -1.74558  0.540616
0.571648  -1.31162  1.74558  -0.540616
1.35349  0.213712  0.757915  0.120128
-1.35349  -0.213712  -0.757915  -0.120128
-0.589161  1.31697  -1.75693  0.528006
0.589161  -1.31697  1.75693  -0.528006
1.36105  0.214828  0.753518  0.103114
-1.36105  -0.214828  -0.753518  -0.103115
-0.606786  1.32218  -1.76804  0.515353
0.606786  -1.32218  1.76804  -0.515353
1.36856  0.215775  0.749141  0.0861957
-1.36856  -0.215775  -0.749141  -0.0861958
-0.624521  1.32727  -1.77892  0.502656
0.624521  -1.32727  1.77892  -0.502656
1.37603  0.216553  0.744783  0.0693657
-1.37603  -0.216553  -0.744783  -0.0693657
-0.642363  1.33224  -1.78957  0.489914
0.642363  -1.33224  1.78957  -0.489914
1.38346  0.217163  0.740444  0.0526181
-1.38346  -0.217163  -0.740444  -0.0526181
-0.660311  1.33707  -1.8  0.477126
0.660311  -1.33707  1.8  -0.477126
1.39084  0.217605  0.736123  0.0359467
-1.39084  -0.217605  -0.736123  -0.0359467
-0.678362  1.34178  -1.81021  0.464292
0.678362  -1.34178  1.81021  -0.464292
1.39818  0.217882  0.73182  0.0193454
-1.39818  -0.217882  -0.73182  -0.0193454
-0.696514  1.34636  -1.82021  0.451409
0.696514  -1.34636  1.82021  -0.451409
1.40548  0.217993  0.727536  0.0028081
-1.40548  -0.217993  -0.727536  -0.00280816
-0.714765  1.35081  -1.83  0.438478
0.714765  -1.35081  1.83  -0.438478
1.41273  0.217938  0.723271  -0.013671
-1.41273  -0.217938  -0.723271  0.013671
-0.733113  1.35513  -1.83959  0.425496
0.733113  -1.35513  1.83959  -0.425496
1.41994  0.217719  0.719024  -0.0300979
-1.41994  -0.217719  -0.719024  0.0300978
-0.751556  1.35932  -1.84898  0.412462
0.751556  -1.35932  1.84898  -0.412462
1.42711  0.217337  0.714796  -0.0464782
-1.42711  -0.217337  -0.714796  0.0464782
-0.770092  1.36337  -1.85817  0.399374
0.770092  -1.36337  1.85817  -0.399374
1.43424  0.21679  0.710588  -0.0628178
-1.43424  -0.21679  -0.710588  0.0628177
-0.788718  1.3673  -1.86718  0.38623
0.788718  -1.3673  1.86718  -0.38623
1.44133  0.21608  0.7064  -0.0791223
-1.44133  -0.21608  -0.7064  0.0791222
-0.807434  1.3711  -1.87601  0.373028
0.807434  -1.3711  1.87601  -0.373028
1.44837  0.215208  0.702232  -0.0953972
-1.44837  -0.215208  -0.702232  0.0953971
-0.826237  1.37476  -1.88465  0.359767
0.826237  -1.37476  1.88465  -0.359767
1.45537  0.214173  0.698086  -0.111648
-1.45537  -0.214173  -0.698086  0.111648
-0.845126  1.37829  -1.89311  0.346444
0.845126  -1.37829  1.89311  -0.346444
1.46233  0.212975  0.693962  -0.127881
-1.46233  -0.212975  -0.693962  0.127881
-0.864099  1.38169  -1.9014  0.333057
0.864099  -1.38169  1.9014  -0.333057
1.46925  0.211615  0.68986  -0.1441
-1.46925  -0.211615  -0.68986  0.1441
-0.883153  1.38495  -1.90952  0.319603
0.883153  -1.38495  1.90952  -0.319603
1.47613  0.210093  0.685783  -0.160312
-1.47613  -0.210093  -0.685783  0.160312
-0.902288  1.38808  -1.91748  0.30608
0.902288  -1.38808  1.91748  -0.30608
1.48297  0.208409  0.68173  -0.176522
-1.48297  -0.208409  -0.68173  0.176522
-0.921502  1.39108  -1.92526  0.292485
0.921502  -1.39108  1.92526  -0.292485
1.48976  0.206563  0.677702  -0.192736
-1.48976  -0.206563  -0.677702  0.192736
-0.940793  1.39393  -1.93289  0.278815
0.940793  -1.39393  1.93289  -0.278815
1.49652  0.204554  0.673702  -0.208958
-1.49652  -0.204554  -0.673702  0.208958
-0.960159  1.39665  -1.94036  0.265068
0.960159  -1.39665  1.94036  -0.265068
1.50324  0.202383  0.66973  -0.225195
-1.50324  -0.202383  -0.66973  0.225195
-0.979599  1.39923  -1.94767  0.25124
0.979599  -1.39923  1.94767  -0.25124
1.50991  0.20005  0.665788  -0.241451
-1.50991  -0.20005  -0.665788  0.241451
-0.999112  1.40168  -1.95482  0.237328
0.999112  -1.40168  1.95482  -0.237328
1.51655  0.197554  0.661876  -0.257733
-1.51655  -0.197554  -0.661876  0.257733
-1.01869  1.40398  -1.96182  0.223329
1.01869  -1.40398  1.96182  -0.223329
1.52315  0.194895  0.657997  -0.274046
-1.52315  -0.194895  -0.657997  0.274046
-1.03835  1.40614  -1.96867  0.20924
1.03835  -1.40614  1.96867  -0.20924
1.52971  0.192073  0.654152  -0.290394
-1.52971  -0.192073  -0.654152  0.290394
-1.05807  1.40816  -1.97538  0.195056
1.05807  -1.40816  1.97538  -0.195056
1.53624  0.189087  0.650343  -0.306785
-1.53624  -0.189087  -0.650343  0.306785
-1.07785  1.41004  -1.98193  0.180775
1.07785  -1.41004  1.98193  -0.180775
1.54272  0.185937  0.646571  -0.323223
-1.54272  -0.185937  -0.646571  0.323223
-1.09771  1.41178  -1.98834  0.166391
1.09771  -1.41178  1.98834  -0.166391
1.54917  0.182622  0.642838  -0.339715
-1.54917  -0.182622  -0.642838  0.339715
-1.11762  1.41337  -1.9946  0.151902
1.11762  -1.41337  1.9946  -0.151902
1.55558  0.179142  0.639147  -0.356265
-1.55558  -0.179143  -0.639147  0.356265
-1.1376  1.41482  -2.00072  0.137303
1.1376  -1.41482  2.00072  -0.137303
1.56195  0.175497  0.6355  -0.372881
-1.56195  -0.175497  -0.6355  0.372881
-1.15763  1.41612  -2.0067  0.122589
1.15763  -1.41612  2.0067  -0.122589
1.56829  0.171685  0.631898  -0.389567
-1.56829  -0.171685  -0.631898  0.389567
-1.17773  1.41727  -2.01253  0.107756
1.17773  -1.41727  2.01253  -0.107756
1.57459  0.167705  0.628345  -0.40633
-1.57459  -0.167705  -0.628345  0.40633
-1.19788  1.41827  -2.01822  0.0928002
1.19788  -1.41827  2.01822  -0.0928002
1.58085  0.163557  0.624842  -0.423176
-1.58085  -0.163558  -0.624842  0.423176
-1.21809  1.41912  -2.02377  0.0777156
1.21809  -1.41912  2.02377  -0.0777156
1.58709  0.159241  0.621393  -0.440112
-1.58709  -0.159241  -0.621393  0.440111
-1.23836  1.41982  -2.02918  0.0624976
1.23836  -1.41982  2.02918  -0.0624976
1.59328  0.154755  0.618  -0.457143
-1.59328  -0.154755  -0.618  0.457143
-1.25868  1.42037  -2.03444  0.0471408
1.25868  -1.42037  2.03444  -0.0471408
1.59945  0.150098  0.614666  -0.474276
-1.59945  -0.150098  -0.614666  0.474276
-1.27905  1.42077  -2.03956  0.0316399
1.27905  -1.42077  2.03956  -0.0316399
1.60558  0.145269  0.611394  -0.491518
-1.60558  -0.145269  -0.611394  0.491518
-1.29947  1.421  -2.04454  0.0159893
1.29947  -1.421  2.04454  -0.0159893
1.61167  0.140267  0.608187  -0.508876
-1.61167  -0.140267  -0.608187  0.508876
-1.31994  1.42109  -2.04937  0.000183018
1.31994  -1.42109  2.04937  -0.000182996
1.61774  0.135091  0.60505  -0.526357
-1.61774  -0.135091  -0.60505  0.526357
-1.34045  1.42101  -2.05405  -0.0157849
1.34045  -1.42101  2.05405  0.015785
1.62378  0.129739  0.601986  -0.543968
-1.62378  -0.129739  -0.601986  0.543968
-1.36102  1.42077  -2.05859  -0.0319209
1.36102  -1.42077  2.05859  0.0319209
1.62978  0.124211  0.598998  -0.561716
-1.62978  -0.124211  -0.598998  0.561716
-1.38163  1.42037  -2.06297  -0.0482315
1.38163  -1.42037  2.06297  0.0482315
1.63576  0.118504  0.596091  -0.57961
-1.63576  -0.118504  -0.596091  0.579609
-1.40228  1.4198  -2.06721  -0.0647234
1.40228  -1.4198  2.06721  0.0647235
1.6417  0.112618  0.59327  -0.597656
-1.6417  -0.112618  -0.59327  0.597656
-1.42297  1.41907  -2.07129  -0.0814039
1.42297  -1.41907  2.07129  0.081404
1.64762  0.10655  0.590539  -0.615863
-1.64762  -0.10655  -0.590539  0.615863
-1.4437  1.41817  -2.07521  -0.0982803
1.4437  -1.41817  2.07521  0.0982803
1.65351  0.100299  0.587903  -0.634239
-1.65351  -0.100299  -0.587903  0.634239
-1.46447  1.41711  -2.07898  -0.11536
1.46447  -1.41711  2.07898  0.11536
1.65938  0.0938643  0.585367  -0.652794
-1.65938  -0.0938643  -0.585367  0.652794
-1.48528  1.41587  -2.08258  -0.132652
1.48528  -1.41587  2.08258  0.132652
1.66522  0.0872426  0.582938  -0.671536
-1.66522  -0.0872427  -0.582938  0.671536
-1.50612  1.41445  -2.08601  -0.150163
1.50612  -1.41445  2.08601  0.150163
1.67104  0.0804326  0.58062  -0.690474
-1.67104  -0.0804326  -0.58062  0.690474
-1.527  1.41286  -2.08928  -0.167904
1.527  -1.41286  2.08928  0.167904
1.67683  0.0734321  0.578421  -0.709617
-1.67683  -0.0734322  -0.578421  0.709617
-1.54791  1.41109  -2.09236  -0.185881
1.54791  -1.41109  2.09236  0.185881
1.68261  0.0662392  0.576348  -0.728977
-1.68261  -0.0662392  -0.576348  0.728977
-1.56885  1.40914  -2.09527  -0.204106
1.56885  -1.40914  2.09527  0.204107
1.68836  0.0588515  0.574407  -0.748563
-1.68836  -0.0588515  -0.574407  0.748563
-1.58981  1.40701  -2.09799  -0.222589
1.58981  -1.40701  2.09799  0.222589
1.6941  0.0512667  0.572606  -0.768386
-1.6941  -0.0512668  -0.572606  0.768386
-1.6108  1.40469  -2.10051  -0.241338
1.6108  -1.40469  2.10051  0.241338
1.69982  0.0434825  0.570955  -0.788457
-1.69982  -0.0434826  -0.570955  0.788457
-1.63182  1.40218  -2.10284  -0.260366
1.63182  -1.40218  2.10284  0.260366
1.70552  0.0354963  0.569461  -0.808788
-1.70552  -0.0354963  -0.569461  0.808788
-1.65286  1.39948  -2.10496  -0.279683
1.65286  -1.39948  2.10496  0.279683
1.71121  0.0273054  0.568135  -0.829392
-1.71121  -0.0273054  -0.568135  0.829392
-1.67392  1.39659  -2.10686  -0.299301
1.67392  -1.39659  2.10686  0.299301
1.71688  0.018907  0.566986  -0.85028
-1.71688  -0.0189071  -0.566986  0.85028
-1.695  1.39349  -2.10854  -0.319233
1.695  -1.39349  2.10854  0.319233
1.72255  0.0102983  0.566025  -0.871466
-1.72255  -0.0102983  -0.566025  0.871466
-1.71609  1.3902  -2.10999  -0.339491
1.71609  -1.3902  2.10999  0.339491
1.7282  0.00147613  0.565266  -0.892964
-1.7282  -0.0014762  -0.565266  0.892964
-1.7372  1.3867  -2.1112  -0.36009
1.7372  -1.3867  2.1112  0.36009
1.73385  -0.00756264  0.564719  -0.914789
-1.73385  0.00756257  -0.564719  0.914789
-1.75831  1.383  -2.11215  -0.381042
1.75831  -1.383  2.11215  0.381043
1.7395  -0.0168214  0.564398  -0.936956
-1.7395  0.0168213  -0.564398  0.936956
-1.77944  1.37908  -2.11283  -0.402364
1.77944  -1.37908  2.11283  0.402364
1.74514  -0.0263035  0.564319  -0.95948
-1.74514  0.0263035  -0.564319  0.95948
-1.80057  1.37495  -2.11324  -0.424071
1.80057  -1.37495  2.11324  0.424071
1.75079  -0.0360128  0.564498  -0.982378
-1.75079  0.0360128  -0.564498  0.982378
-1.8217  1.3706  -2.11335  -0.446178
1.8217  -1.3706  2.11335  0.446178
1.75643  -0.0459531  0.564951  -1.00567
-1.75643  0.045953  -0.564951  1.00567
-1.84283  1.36602  -2.11314  -0.468704
1.84283  -1.36602  2.11314  0.468704
1.76209  -0.0561282  0.565696  -1.02937
-1.76209  0.0561282  -0.565696  1.02937
-1.86396  1.36122  -2.11262  -0.491666
1.86396  -1.36122  2.11262  0.491666
1.76775  -0.0665426  0.566755  -1.0535
-1.76775  0.0665425  -0.566755  1.0535
-1.88508  1.35619  -2.11174  -0.515084
1.88508  -1.35619  2.11174  0.515084
1.77342  -0.0772005  0.568149  -1.07808
-1.77342  0.0772004  -0.568149  1.07808
-1.90619  1.35092  -2.1105  -0.538977
1.90619  -1.35092  2.1105  0.538977
1.77911  -0.0881065  0.5699  -1.10313
-1.77911  0.0881064  -0.5699  1.10313
-1.92729  1.3454  -2.10887  -0.563366
1.92729  -1.3454  2.10887  0.563366
1.78482  -0.0992655  0.572036  -1.12867
-1.78482  0.0992654  -0.572036  1.12867
-1.94837  1.33965  -2.10683  -0.588274
1.94837  -1.33965  2.10683  0.588274
1.79056  -0.110682  0.574584  -1.15473
-1.79056  0.110682  -0.574584  1.15473
-1.96943  1.33364  -2.10435  -0.613724
1.96943  -1.33364  2.10435  0.613724
1.79632  -0.122363  0.577573  -1.18133
-1.79632  0.122363  -0.577573  1.18133
-1.99045  1.32737  -2.10139  -0.63974
1.99045  -1.32737  2.10139  0.63974
1.80211  -0.134312  0.581039  -1.2085
-1.80211  0.134312  -0.581039  1.2085
-2.01145  1.32084  -2.09794  -0.666348
2.01145  -1.32084  2.09794  0.666348
1.80794  -0.146536  0.585016  -1.23626
-1.80794  0.146536  -0.585016  1.23626
-2.03241  1.31404  -2.09395  -0.693575
2.03241  -1.31404  2.09395  0.693576
1.81381  -0.15904  0.589544  -1.26465
-1.81381  0.15904  -0.589544  1.26465
-2.05333  1.30696  -2.08939  -0.721451
2.05333  -1.30696  2.08939  0.721451
1.81973  -0.171832  0.594667  -1.29369
-1.81973  0.171832  -0.594667  1.29369
-2.0742  1.29961  -2.08421  -0.750004
2.0742  -1.29961  2.08421  0.750004
1.82571  -0.184918  0.600434  -1.32342
-1.82571  0.184918  -0.600434  1.32342
-2.09501  1.29196  -2.07837  -0.779266
2.09501  -1.29196  2.07837  0.779267
1.83175  -0.198304  0.606895  -1.35387
-1.83175  0.198304  -0.606895  1.35387
-2.11576  1.28402  -2.07181  -0.809271
2.11576  -1.28402  2.07181  0.809272
1.83785  -0.211999  0.61411  -1.38507
-1.83785  0.211999  -0.61411  1.38507
-2.13644  1.27577  -2.06449  -0.840054
2.13644  -1.27577  2.06449  0.840054
1.84403  -0.226009  0.622143  -1.41706
-1.84403  0.226009  -0.622143  1.41706
-2.15704  1.26721  -2.05633  -0.87165
2.15704  -1.26721  2.05633  0.871651
1.8503  -0.240344  0.631064  -1.44988
-1.8503  0.240344  -0.631064  1.44988
-2.17756  1.25833  -2.04726  -0.904099
2.17756  -1.25833  2.04726  0.904099
1.85666  -0.255011  0.640952  -1.48357
-1.85666  0.255011  -0.640952  1.48357
-2.19798  1.24913  -2.03721  -0.937439
2.19798  -1.24912  2.03721  0.93744
1.86312  -0.27002  0.651894  -1.51817
-1.86312  0.27002  -0.651894  1.51817
-2.2183  1.23958  -2.0261  -0.971713
2.2183  -1.23958  2.0261  0.971713
1.8697  -0.285379  0.663988  -1.55372
-1.8697  0.285379  -0.663988  1.55372
-2.2385  1.22969  -2.01383  -1.00696
2.2385  -1.22969  2.01383  1.00696
1.87641  -0.301099  0.677341  -1.59028
-1.87641  0.301099  -0.677341  1.59028
-2.25857  1.21943  -2.00028  -1.04323
2.25857  -1.21943  2.00028  1.04323
1.88326  -0.31719  0.692074  -1.62788
-1.88326  0.31719  -0.692074  1.62788
-2.2785  1.20882  -1.98535  -1.08057
2.2785  -1.20882  1.98535  1.08057
1.89026  -0.333662  0.708323  -1.66657
-1.89026  0.333662  -0.708323  1.66657
-2.29827  1.19782  -1.96889  -1.11902
2.29827  -1.19782  1.96889  1.11902
1.89743  -0.350527  0.72624  -1.70639
-1.89743  0.350527  -0.72624  1.70639
-2.31787  1.18643  -1.95076  -1.15862
2.31787  -1.18643  1.95076  1.15862
1.90479  -0.367796  0.745995  -1.7474
-1.90479  0.367796  -0.745995  1.7474
-2.33728  1.17464  -1.93078  -1.19943
2.33728  -1.17464  1.93078  1.19943
1.91236  -0.385481  0.767781  -1.78964
-1.91236  0.385481  -0.767781  1.78964
-2.35647  1.16243  -1.90877  -1.24148
2.35647  -1.16243  1.90877  1.24148
1.92016  -0.403595  0.791814  -1.83314
-1.92016  0.403595  -0.791814  1.83314
-2.37544  1.1498  -1.88451  -1.28482
2.37544  -1.1498  1.88451  1.28482
1.92821  -0.422151  0.81834  -1.87794
-1.92821  0.422151  -0.81834  1.87794
-2.39415  1.13673  -1.85776  -1.32948
2.39415  -1.13673  1.85776  1.32948
1.93654  -0.441161  0.847637  -1.92408
-1.93654  0.441161  -0.847637  1.92408
-2.41258  1.12321  -1.82823  -1.37549
2.41258  -1.12321  1.82823  1.37549
1.94518  -0.460639  0.88002  -1.97156
-1.94518  0.460639  -0.88002  1.97156
-2.4307  1.10922  -1.79562  -1.42287
2.4307  -1.10922  1.79562  1.42287
1.95416  -0.480599  0.915847  -2.0204
-1.95416  0.480599  -0.915847  2.0204
-2.44848  1.09474  -1.75957  -1.47161
2.44848  -1.09474  1.75957  1.47161
1.96351  -0.501054  0.955525  -2.07056
-1.96351  0.501053  -0.955525  2.07056
-2.46587  1.07978  -1.71967  -1.5217
2.46587  -1.07978  1.71967  1.5217
1.97329  -0.522016  0.999516  -2.122
-1.97329  0.522016  -0.999516  2.122
-2.48285  1.0643  -1.67546  -1.57308
2.48285  -1.0643  1.67546  1.57308
1.98353  -0.543499  1.04835  -2.17463
-1.98353  0.543499  -1.04835  2.17463
-2.49936  1.04831  -1.62642  -1.62566
2.49936  -1.04831  1.62642  1.62566
1.99428  -0.565514  1.10261  -2.2283
-1.99428  0.565514  -1.10261  2.2283
-2.51535  1.03178  -1.57195  -1.6793
2.51535  -1.03178  1.57195  1.6793
2.00561  -0.58807  1.16299  -2.28281
-2.00561  0.58807  -1.16299  2.28281
-2.53077  1.01472  -1.51137  -1.73379
2.53077  -1.01472  1.51137  1.73379
2.01758  -0.611173  1.23023  -2.33783
-2.01758  0.611173  -1.23023  2.33783
-2.54554  0.997105  -1.44394  -1.78881
2.54554  -0.997105  1.44394  1.78881
2.03025  -0.634827  1.3052  -2.39294
-2.03025  0.634827  -1.3052  2.39294
-2.55961  0.978942  -1.3688  -1.84392
2.55961  -0.978942  1.3688  1.84392
2.04372  -0.659029  1.38881  -2.44753
-2.04372  0.659029  -1.38881  2.44753
-2.57288  0.96023  -1.28503  -1.89852
2.57288  -0.96023  1.28503  1.89852
2.05808  -0.683771  1.48209  -2.50079
-2.05808  0.68377  -1.48209  2.50079
-2.58526  0.940978  -1.19159  -1.95181
2.58526  -0.940978  1.19159  1.95181
2.07342  -0.709033  1.58612  -2.55164
-2.07342  0.709033  -1.58612  2.55164
-2.59666  0.921206  -1.08743  -2.00269
2.59666  -0.921205  1.08743  2.00269
2.08986  -0.734784  1.70197  -2.59866
-2.08986  0.734784  -1.70197  2.59866
-2.60695  0.900943  -0.971453  -2.04974
2.60695  -0.900943  0.971452  2.04974
2.10752  -0.760977  1.83067  -2.64
-2.10752  0.760977  -1.83067  2.64
-2.61602  0.880239  -0.842641  -2.09112
2.61602  -0.880239  0.842641  2.09112
2.12654  -0.787544  1.97306  -2.67333
-2.12654  0.787544  -1.97306  2.67333
-2.62373  0.859161  -0.700151  -2.1245
2.62373  -0.859161  0.70015  2.1245
2.14706  -0.81439  2.12964  -2.69577
-2.14706  0.81439  -2.12964  2.69577
-2.62995  0.837804  -0.543496  -2.14699
2.62995  -0.837803  0.543495  2.14699
2.16921  -0.841388  2.30028  -2.7039
-2.16921  0.841388  -2.30028  2.7039
-2.63453  0.816293  -0.372794  -2.15516
2.63453  -0.816293  0.372793  2.15516
2.19313  -0.868376  2.48395  -2.69382
-2.19313  0.868376  -2.48394  2.69382
-2.63734  0.794791  -0.189074  -2.14513
2.63734  -0.794791  0.189074  2.14513
2.21894  -0.895153  2.67836  -2.66141
-2.21894  0.895153  -2.67836  2.66141
-2.63826  0.773502  0.00537957  -2.11277
2.63826  -0.773502  -0.00538039  2.11277
2.24673  -0.921474  2.8797  -2.60279
-2.24673  0.921474  -2.8797  2.60279
-2.6372  0.752667  0.206735  -2.05418
2.6372  -0.752667  -0.206735  2.05418
2.27654  -0.947062  3.08244  -2.51492
-2.27654  0.947062  -3.08244  2.51492
-2.63412  0.732565  0.409483  -1.96635
2.63412  -0.732564  -0.409484  1.96635
2.30835  -0.971619  3.27961  -2.39643
-2.30835  0.971619  -3.27961  2.39643
-2.62904  0.713493  0.606647  -1.84789
2.62904  -0.713493  -0.606648  1.84789
2.34206  -0.994842  3.46339  -2.24829
-2.34206  0.994842  -3.46339  2.24829
-2.62205  0.695755  0.790423  -1.69977
2.62205  -0.695755  -0.790424  1.69977
2.37751  -1.01645  3.62621  -2.07418
-2.37751  1.01645  -3.62621  2.07418
-2.61334  0.679628  0.953226  -1.52568
2.61334  -0.679627  -0.953226  1.52567
2.41445  -1.03623  3.7619  -1.88024
-2.41445  1.03623  -3.7619  1.88024
-2.60313  0.665341  1.08889  -1.33174
2.60313  -0.66534  -1.08889  1.33174
2.4526  -1.054  3.86666  -1.67423
-2.4526  1.054  -3.86666  1.67423
-2.59171  0.653053  1.19362  -1.12573
2.59171  -0.653053  -1.19362  1.12573
2.49163  -1.06969  3.9395  -1.46431
-2.49163  1.06969  -3.9395  1.46431
-2.57941  0.642846  1.26644  -0.915807
2.57941  -0.642845  -1.26644  0.915806
2.53123  -1.0833  3.98201  -1.25791
-2.53123  1.0833  -3.98201  1.25791
-2.56654  0.63472  1.30892  -0.709388
2.56654  -0.634719  -1.30892  0.709387
2.57113  -1.0949  3.99761  -1.06088
-2.57113  1.0949  -3.99761  1.06088
-2.55337  0.628611  1.3245  -0.512341
2.55337  -0.628611  -1.3245  0.512341
2.61107  -1.10459  3.99073  -0.877243
-2.61107  1.10459  -3.99073  0.877243
-2.54016  0.624406  1.31762  -0.328677
2.54016  -0.624406  -1.31761  0.328677
2.65086  -1.11252  3.96606  -0.709234
-2.65086  1.11252  -3.96607  0.709234
-2.52711  0.621959  1.29295  -0.16064
2.52711  -0.621959  -1.29295  0.16064
2.69033  -1.11885  3.928  -0.557667
-2.69033  1.11885  -3.928  0.557667
-2.51437  0.621111  1.25488  -0.00904144
2.51437  -0.621111  -1.25488  0.00904171
2.72937  -1.12375  3.88033  -0.422325
-2.72937  1.12375  -3.88033  0.422325
-2.50206  0.621697  1.20724  0.126334
2.50206  -0.621697  -1.20723  -0.126333
2.7679  -1.12738  3.8262  -0.302334
-2.7679  1.12738  -3.8262  0.302333
-2.49025  0.623561  1.15313  0.246358
2.49025  -0.623561  -1.15313  -0.246357
2.80587  -1.12987  3.76806  -0.196459
-2.80587  1.12987  -3.76806  0.196458
-2.47901  0.626554  1.09503  0.352264
2.47901  -0.626554  -1.09502  -0.352264
2.84325  -1.13137  3.70778  -0.103315
-2.84325  1.13137  -3.70778  0.103315
-2.46836  0.630542  1.0348  0.445439
2.46836  -0.630542  -1.0348  -0.445438
2.88003  -1.13199  3.64675  -0.0215015
-2.88003  1.13199  -3.64676  0.0215006
-2.45832  0.635406  0.97383  0.527281
2.45832  -0.635406  -0.97383  -0.52728
2.91619  -1.13185  3.58598  0.0503185
-2.91619  1.13185  -3.58598  -0.0503193
-2.44889  0.641038  0.913128  0.599126
2.44889  -0.641038  -0.913128  -0.599125
2.95175  -1.13103  3.52616  0.113373
-2.95175  1.13103  -3.52616  -0.113373
-2.44005  0.647345  0.853392  0.662201
2.44005  -0.647344  -0.853391  -0.6622
2.98672  -1.12962  3.46777  0.168764
-2.98672  1.12962  -3.46777  -0.168765
-2.43181  0.654244  0.795099  0.717609
2.43181  -0.654243  -0.795098  -0.717609
3.02111  -1.12769  3.41113  0.217468
-3.02111  1.12769  -3.41113  -0.217469
-2.42414  0.661663  0.738558  0.766326
2.42414  -0.661663  -0.738557  -0.766325
3.05495  -1.1253  3.35641  0.260339
-3.05495  1.1253  -3.35641  -0.26034
-2.41703  0.669541  0.683956  0.809204
2.41703  -0.669541  -0.683956  -0.809203
3.08825  -1.12251  3.30372  0.29812
-3.08825  1.12251  -3.30372  -0.298121
-2.41045  0.677822  0.631391  0.846986
2.41045  -0.677822  -0.631391  -0.846985
3.12104  -1.11936  3.25309  0.331454
-3.12104  1.11936  -3.25309  -0.331455
-2.40439  0.686459  0.580898  0.880315
2.40439  -0.686458  -0.580898  -0.880314
3.15332  -1.1159  3.20452  0.360898
-3.15332  1.1159  -3.20452  -0.360899
-2.39882  0.695409  0.532468  0.909748
2.39883  -0.695408  -0.532468  -0.909747
3.18514  -1.11216  3.15796  0.386932
-3.18514  1.11216  -3.15796  -0.386933
-2.39373  0.704636  0.486061  0.935765
2.39373  -0.704636  -0.486061  -0.935765
3.21649  -1.10818  3.11336  0.409972
-3.21649  1.10818  -3.11336  -0.409973
-2.38909  0.714109  0.441618  0.958782
2.38909  -0.714109  -0.441617  -0.958781
3.24741  -1.10397  3.07064  0.430376
-3.24741  1.10397  -3.07064  -0.430377
-2.38489  0.723799  0.399065  0.979156
2.38489  -0.723798  -0.399065  -0.979155
3.27792  -1.09958  3.02972  0.448456
-3.27792  1.09958  -3.02972  -0.448457
-2.3811  0.733681  0.358324  0.997199
2.3811  -0.73368  -0.358324  -0.997198
3.30802  -1.09501  2.99052  0.46448
-3.30802  1.09501  -2.99052  -0.464481
-2.37772  0.743733  0.319311  1.01318
2.37772  -0.743732  -0.319311  -1.01318
3.33773  -1.0903  2.95297  0.478684
-3.33773  1.0903  -2.95297  -0.478685
-2.37471  0.753935  0.28194  1.02733
2.37471  -0.753935  -0.28194  -1.02733
3.36708  -1.08545  2.91696  0.49127
-3.36708  1.08545  -2.91696  -0.491271
-2.37207  0.764271  0.246128  1.03986
2.37207  -0.764271  -0.246128  -1.03986
3.39608  -1.08048  2.88243  0.502418
-3.39608  1.08048  -2.88243  -0.502418
-2.36978  0.774725  0.211793  1.05095
2.36978  -0.774725  -0.211793  -1.05094
3.42474  -1.07541  2.84929  0.512282
-3.42474  1.07541  -2.84929  -0.512282
-2.36783  0.785283  0.178856  1.06074
2.36783  -0.785283  -0.178856  -1.06074
3.45307  -1.07024  2.81746  0.520998
-3.45307  1.07024  -2.81746  -0.520999
-2.3662  0.795934  0.147241  1.06938
2.3662  -0.795934  -0.147241  -1.06938
3.48109  -1.06499  2.78689  0.528687
-3.48109  1.06499  -2.78689  -0.528688
-2.36487  0.806666  0.116877  1.07698
2.36488  -0.806665  -0.116876  -1.07698
3.50882  -1.05967  2.75749  0.535455
-3.50882  1.05967  -2.75749  -0.535455
-2.36385  0.817469  0.0876943  1.08366
2.36385  -0.817469  -0.087694  -1.08366
3.53625  -1.05429  2.72921  0.541394
-3.53625  1.05429  -2.72921  -0.541395
-2.36312  0.828335  0.0596294  1.0895
2.36312  -0.828334  -0.0596291  -1.0895
3.56341  -1.04885  2.70198  0.546587
-3.56341  1.04885  -2.70198  -0.546588
-2.36265  0.839255  0.0326215  1.09459
2.36265  -0.839255  -0.0326212  -1.09459
3.59029  -1.04336  2.67574  0.551107
-3.59029  1.04336  -2.67574  -0.551108
-2.36246  0.850223  0.00661346  1.099
2.36246  -0.850223  -0.00661317  -1.099
3.61693  -1.03783  2.65046  0.555019
-3.61693  1.03783  -2.65046  -0.55502
-2.36252  0.861232  -0.0184483  1.1028
2.36252  -0.861232  0.0184486  -1.1028
3.64331  -1.03226  2.62606  0.558382
-3.64331  1.03226  -2.62606  -0.558382
-2.36282  0.872277  -0.042614  1.10604
2.36282  -0.872276  0.0426143  -1.10604
3.66945  -1.02666  2.60252  0.561245
-3.66945  1.02666  -2.60252  -0.561246
-2.36337  0.883351  -0.0659309  1.10878
2.36337  -0.88335  0.0659312  -1.10878
3.69536  -1.02104  2.57978  0.563656
-3.69536  1.02104  -2.57978  -0.563657
-2.36414  0.89445  -0.0884432  1.11106
2.36414  -0.894449  0.0884435  -1.11106
3.72105  -1.01539  2.5578  0.565657
-3.72105  1.01539  -2.5578  -0.565657
-2.36513  0.90557  -0.110192  1.11292
2.36513  -0.905569  0.110193  -1.11292
3.74652  -1.00973  2.53654  0.567283
-3.74652  1.00973  -2.53654  -0.567283
-2.36634  0.916706  -0.131217  1.1144
2.36634  -0.916706  0.131217  -1.1144
3.77178  -1.00405  2.51597  0.568569
-3.77178  1.00405  -2.51597  -0.568569
-2.36775  0.927856  -0.151554  1.11554
2.36775  -0.927855  0.151554  -1.11554
3.79684  -0.998358  2.49606  0.569544
-3.79684  0.998358  -2.49606  -0.569544
-2.36937  0.939015  -0.171237  1.11636
2.36937  -0.939015  0.171237  -1.11636
3.82171  -0.992659  2.47676  0.570236
-3.82171  0.992659  -2.47676  -0.570236
-2.37117  0.950182  -0.190299  1.11689
2.37117  -0.950181  0.190299  -1.11689
3.84638  -0.986954  2.45806  0.570669
-3.84638  0.986954  -2.45806  -0.570669
-2.37317  0.961352  -0.208768  1.11716
2.37317  -0.961352  0.208769  -1.11716
3.87087  -0.981247  2.43992  0.570865
-3.87087  0.981247  -2.43992  -0.570866
-2.37535  0.972524  -0.226675  1.11719
2.37535  -0.972523  0.226676  -1.11719
3.89518  -0.975538  2.42232  0.570845
-3.89518  0.975538  -2.42232  -0.570845
-2.3777  0.983695  -0.244045  1.117
2.3777  -0.983694  0.244045  -1.117
3.91932  -0.969831  2.40524  0.570626
-3.91932  0.969831  -2.40524  -0.570626
-2.38022  0.994863  -0.260903  1.11661
2.38022  -0.994862  0.260904  -1.11661
3.94329  -0.964127  2.38864  0.570226
-3.94329  0.964126  -2.38864  -0.570226
-2.38291  1.00603  -0.277273  1.11603
2.38292  -1.00603  0.277274  -1.11603
3.9671  -0.958427  2.37251  0.569658
-3.9671  0.958427  -2.37251  -0.569658
-2.38577  1.01718  -0.293177  1.11527
2.38577  -1.01718  0.293177  -1.11527
3.99074  -0.952734  2.35682  0.568938
-3.99074  0.952734  -2.35682  -0.568938
-2.38878  1.02833  -0.308635  1.11437
2.38878  -1.02833  0.308636  -1.11437
4.01424  -0.947049  2.34157  0.568077
-4.01424  0.947049  -2.34157  -0.568077
-2.39194  1.03947  -0.323668  1.11332
2.39194  -1.03947  0.323669  -1.11332
4.03758  -0.941373  2.32672  0.567087
-4.03758  0.941373  -2.32672  -0.567087
-2.39525  1.0506  -0.338294  1.11213
2.39525  -1.0506  0.338294  -1.11213
4.06077  -0.935708  2.31226  0.565978
-4.06077  0.935708  -2.31226  -0.565978
-2.3987  1.06171  -0.35253  1.11083
2.3987  -1.06171  0.35253  -1.11082
4.08382  -0.930054  2.29818  0.564761
-4.08382  0.930054  -2.29818  -0.564761
-2.4023  1.07281  -0.366393  1.10941
2.4023  -1.07281  0.366393  -1.10941
4.10674  -0.924413  2.28446  0.563443
-4.10674  0.924413  -2.28446  -0.563443
-2.40603  1.0839  -0.379898  1.10789
2.40603  -1.0839  0.379899  -1.10789
4.12951  -0.918786  2.27108  0.562033
-4.12952  0.918786  -2.27109  -0.562033
-2.40989  1.09497  -0.39306  1.10627
2.40989  -1.09497  0.393061  -1.10627
4.15216  -0.913173  2.25804  0.560539
-4.15216  0.913173  -2.25804  -0.560539
-2.41389  1.10602  -0.405894  1.10457
2.41389  -1.10602  0.405895  -1.10457
4.17468  -0.907575  2.24531  0.558966
-4.17468  0.907575  -2.24531  -0.558967
-2.41801  1.11706  -0.418412  1.10278
2.41801  -1.11706  0.418413  -1.10278
4.19707  -0.901994  2.23289  0.557323
-4.19707  0.901994  -2.23289  -0.557323
-2.42225  1.12808  -0.430627  1.10093
2.42225  -1.12808  0.430628  -1.10093
4.21934  -0.896429  2.22076  0.555613
-4.21934  0.896429  -2.22076  -0.555613
-2.42662  1.13908  -0.442551  1.099
2.42662  -1.13908  0.442551  -1.099
4.24149  -0.890882  2.20892  0.553843
-4.24149  0.890882  -2.20892  -0.553843
-2.4311  1.15006  -0.454195  1.09701
2.4311  -1.15006  0.454195  -1.09701
4.26352  -0.885353  2.19734  0.552017
-4.26352  0.885353  -2.19734  -0.552017
-2.4357  1.16102  -0.465569  1.09497
2.4357  -1.16102  0.46557  -1.09497
4.28543  -0.879842  2.18603  0.55014
-4.28543  0.879842  -2.18603  -0.550141
-2.44041  1.17196  -0.476684  1.09287
2.44041  -1.17196  0.476685  -1.09287
4.30724  -0.87435  2.17497  0.548217
-4.30724  0.87435  -2.17497  -0.548217
-2.44524  1.18288  -0.48755  1.09072
2.44524  -1.18288  0.487551  -1.09072
4.32893  -0.868878  2.16415  0.54625
-4.32893  0.868878  -2.16415  -0.54625
-2.45016  1.19377  -0.498176  1.08853
2.45016  -1.19377  0.498177  -1.08853
4.35052  -0.863425  2.15357  0.544244
-4.35052  0.863425  -2.15357  -0.544245
-2.4552  1.20465  -0.50857  1.0863
2.4552  -1.20465  0.508571  -1.0863
4.37201  -0.857993  2.14321  0.542202
-4.37201  0.857993  -2.14321  -0.542203
-2.46033  1.2155  -0.518741  1.08403
2.46033  -1.2155  0.518742  -1.08403
4.39339  -0.852581  2.13307  0.540128
-4.39339  0.852581  -2.13307  -0.540128
-2.46557  1.22633  -0.528697  1.08172
2.46557  -1.22633  0.528697  -1.08172
4.41467  -0.847191  2.12314  0.538023
-4.41467  0.847191  -2.12315  -0.538023
-2.47091  1.23713  -0.538445  1.07939
2.47091  -1.23713  0.538445  -1.07939
4.43585  -0.841821  2.11342  0.53589
-4.43585  0.841821  -2.11342  -0.53589
-2.47634  1.24791  -0.547992  1.07702
2.47634  -1.24791  0.547993  -1.07702
4.45694  -0.836473  2.10389  0.533733
-4.45694  0.836473  -2.10389  -0.533733
-2.48187  1.25867  -0.557346  1.07463
2.48187  -1.25867  0.557346  -1.07463
4.47793  -0.831147  2.09455  0.531552
-4.47793  0.831147  -2.09455  -0.531552
-2.48748  1.26941  -0.566512  1.07222
2.48749  -1.26941  0.566513  -1.07222
4.49883  -0.825842  2.0854  0.529351
-4.49883  0.825842  -2.0854  -0.529352
-2.49319  1.28012  -0.575498  1.06978
2.4932  -1.28012  0.575498  -1.06978
4.51964  -0.82056  2.07642  0.527132
-4.51964  0.82056  -2.07642  -0.527132
-2.49899  1.2908  -0.584308  1.06733
2.49899  -1.2908  0.584309  -1.06733
4.54036  -0.8153  2.06762  0.524896
-4.54036  0.8153  -2.06762  -0.524896
-2.50488  1.30146  -0.59295  1.06486
2.50488  -1.30146  0.59295  -1.06486
4.56099  -0.810062  2.05898  0.522644
-4.56099  0.810062  -2.05898  -0.522644
-2.51085  1.3121  -0.601427  1.06237
2.51085  -1.3121  0.601428  -1.06237
4.58154  -0.804847  2.0505  0.520379
-4.58154  0.804847  -2.0505  -0.52038
-2.51691  1.32271  -0.609747  1.05987
2.51691  -1.32271  0.609747  -1.05987
4.602  -0.799654  2.04218  0.518102
-4.60201  0.799654  -2.04218  -0.518103
-2.52305  1.3333  -0.617912  1.05735
2.52305  -1.3333  0.617913  -1.05735
4.62239  -0.794485  2.03401  0.515815
-4.62239  0.794485  -2.03401  -0.515815
-2.52927  1.34386  -0.62593  1.05483
2.52927  -1.34386  0.62593  -1.05483
4.64269  -0.789338  2.02599  0.513518
-4.64269  0.789338  -2.02599  -0.513518
-2.53556  1.35439  -0.633803  1.05229
2.53556  -1.35439  0.633803  -1.05229
4.66291  -0.784215  2.01811  0.511212
-4.66291  0.784214  -2.01811  -0.511212
-2.54194  1.3649  -0.641536  1.04975
2.54194  -1.3649  0.641537  -1.04975
4.68305  -0.779114  2.01037  0.5089
-4.68305  0.779114  -2.01037  -0.5089
-2.54839  1.37539  -0.649134  1.0472
2.54839  -1.37539  0.649135  -1.0472
4.70311  -0.774037  2.00276  0.506581
-4.70311  0.774036  -2.00276  -0.506582
-2.55492  1.38585  -0.6566  1.04464
2.55492  -1.38585  0.656601  -1.04464
4.7231  -0.768982  1.99529  0.504258
-4.7231  0.768982  -1.99529  -0.504258
-2.56153  1.39628  -0.663939  1.04208
2.56153  -1.39628  0.66394  -1.04208
4.74302  -0.763952  1.98794  0.50193
-4.74302  0.763951  -1.98794  -0.50193
-2.5682  1.40669  -0.671155  1.03951
2.5682  -1.40669  0.671156  -1.03951
4.76286  -0.758944  1.98071  0.499599
-4.76286  0.758944  -1.98071  -0.499599
-2.57495  1.41707  -0.67825  1.03695
2.57495  -1.41707  0.678251  -1.03695
4.78263  -0.75396  1.9736  0.497265
-4.78264  0.753959  -1.9736  -0.497265
-2.58177  1.42743  -0.685228  1.03437
2.58177  -1.42743  0.685229  -1.03437
4.80234  -0.748999  1.96661  0.49493
-4.80234  0.748998  -1.96661  -0.49493
-2.58865  1.43776  -0.692093  1.0318
2.58865  -1.43776  0.692094  -1.0318
4.82197  -0.744061  1.95973  0.492593
-4.82197  0.744061  -1.95973  -0.492593
-2.59561  1.44806  -0.698848  1.02923
2.59561  -1.44806  0.698849  -1.02923
4.84153  -0.739147  1.95296  0.490255
-4.84153  0.739147  -1.95296  -0.490256
-2.60263  1.45834  -0.705496  1.02665
2.60263  -1.45834  0.705496  -1.02665
4.86103  -0.734256  1.9463  0.487918
-4.86103  0.734256  -1.9463  -0.487918
-2.60972  1.4686  -0.712039  1.02408
2.60972  -1.4686  0.71204  -1.02408
4.88046  -0.729388  1.93974  0.485582
-4.88046  0.729388  -1.93974  -0.485582
-2.61687  1.47882  -0.718481  1.02151
2.61687  -1.47882  0.718482  -1.02151
4.89982  -0.724544  1.93328  0.483246
-4.89982  0.724544  -1.93328  -0.483246
-2.62408  1.48903  -0.724824  1.01894
2.62409  -1.48903  0.724825  -1.01894
4.91912  -0.719724  1.92693  0.480912
-4.91912  0.719723  -1.92693  -0.480912
-2.63136  1.4992  -0.731072  1.01637
2.63137  -1.4992  0.731073  -1.01637
4.93836  -0.714926  1.92066  0.47858
-4.93836  0.714926  -1.92066  -0.47858
-2.63871  1.50935  -0.737226  1.0138
2.63871  -1.50935  0.737227  -1.0138
4.95754  -0.710152  1.91449  0.47625
-4.95754  0.710152  -1.9145  -0.476251
-2.64611  1.51948  -0.743289  1.01124
2.64611  -1.51948  0.74329  -1.01124
4.97665  -0.705401  1.90842  0.473924
-4.97665  0.705401  -1.90842  -0.473924
-2.65357  1.52958  -0.749263  1.00868
2.65357  -1.52958  0.749264  -1.00868
4.99571  -0.700673  1.90243  0.4716
-4.99571  0.700673  -1.90243  -0.4716
-2.66109  1.53965  -0.755152  1.00612
2.66109  -1.53965  0.755153  -1.00612
5.0147  -0.695969  1.89652  0.46928
-5.0147  0.695969  -1.89653  -0.46928
-2.66867  1.5497  -0.760956  1.00357
2.66867  -1.5497  0.760957  -1.00357
5.03364  -0.691288  1.89071  0.466964
-5.03364  0.691288  -1.89071  -0.466964
-2.67631  1.55972  -0.766678  1.00103
2.67631  -1.55972  0.766679  -1.00103
5.05252  -0.68663  1.88497  0.464652
-5.05252  0.68663  -1.88497  -0.464652
-2.68401  1.56972  -0.77232  0.998485
2.68401  -1.56972  0.772321  -0.998484
5.07134  -0.681995  1.87932  0.462344
-5.07134  0.681995  -1.87932  -0.462345
-2.69176  1.57969  -0.777884  0.995948
2.69176  -1.57969  0.777885  -0.995948
5.0901  -0.677383  1.87374  0.460041
-5.0901  0.677383  -1.87374  -0.460042
-2.69956  1.58964  -0.783372  0.993417
2.69956  -1.58964  0.783373  -0.993416
5.10881  -0.672794  1.86824  0.457743
-5.10881  0.672794  -1.86824  -0.457743
-2.70742  1.59956  -0.788785  0.990891
2.70743  -1.59956  0.788786  -0.990891
5.12747  -0.668228  1.86281  0.45545
-5.12747  0.668228  -1.86281  -0.45545
-2.71534  1.60946  -0.794127  0.988372
2.71534  -1.60946  0.794128  -0.988371
5.14607  -0.663685  1.85746  0.453162
-5.14607  0.663685  -1.85746  -0.453163
-2.72331  1.61933  -0.799397  0.985858
2.72331  -1.61933  0.799399  -0.985858
5.16462  -0.659165  1.85218  0.45088
-5.16462  0.659164  -1.85218  -0.45088
-2.73133  1.62918  -0.804599  0.983351
2.73133  -1.62918  0.8046  -0.983351
5.18311  -0.654667  1.84696  0.448603
-5.18311  0.654667  -1.84696  -0.448604
-2.7394  1.639  -0.809733  0.980851
2.7394  -1.639  0.809735  -0.980851
5.20156  -0.650192  1.84182  0.446333
-5.20156  0.650192  -1.84182  -0.446333
-2.74752  1.64879  -0.814802  0.978357
2.74752  -1.64879  0.814803  -0.978357
5.21995  -0.645741  1.83674  0.444068
-5.21995  0.64574  -1.83674  -0.444068
-2.75569  1.65856  -0.819806  0.975871
2.7557  -1.65856  0.819807  -0.975871
5.23829  -0.641311  1.83173  0.441809
-5.23829  0.641311  -1.83173  -0.441809
-2.76392  1.66831  -0.824748  0.973391
2.76392  -1.66831  0.824749  -0.973391
5.25658  -0.636904  1.82678  0.439556
-5.25658  0.636904  -1.82678  -0.439556
-2.77219  1.67803  -0.829628  0.970919
2.77219  -1.67803  0.829629  -0.970919
5.27483  -0.63252  1.82189  0.43731
-5.27483  0.63252  -1.82189  -0.43731
-2.78051  1.68773  -0.834447  0.968454
2.78051  -1.68773  0.834449  -0.968454
5.29302  -0.628158  1.81706  0.43507
-5.29302  0.628158  -1.81706  -0.43507
-2.78888  1.6974  -0.839209  0.965996
2.78888  -1.6974  0.83921  -0.965996
5.31117  -0.623819  1.8123  0.432836
-5.31117  0.623818  -1.8123  -0.432836
-2.79729  1.70705  -0.843913  0.963546
2.79729  -1.70705  0.843914  -0.963546
5.32927  -0.619501  1.80759  0.430609
-5.32927  0.619501  -1.80759  -0.430609
-2.80576  1.71667  -0.84856  0.961104
2.80576  -1.71667  0.848562  -0.961104
5.34732  -0.615206  1.80293  0.428389
-5.34732  0.615206  -1.80293  -0.428389
-2.81426  1.72627  -0.853153  0.958669
2.81426  -1.72627  0.853155  -0.958669
5.36533  -0.610933  1.79834  0.426175
-5.36533  0.610933  -1.79834  -0.426175
-2.82282  1.73585  -0.857692  0.956243
2.82282  -1.73585  0.857694  -0.956242
5.38329  -0.606683  1.79379  0.423968
-5.38329  0.606683  -1.79379  -0.423968
-2.83142  1.7454  -0.862179  0.953824
2.83142  -1.7454  0.86218  -0.953824
5.4012  -0.602454  1.7893  0.421768
-5.4012  0.602454  -1.7893  -0.421768
-2.84006  1.75492  -0.866614  0.951413
2.84006  -1.75492  0.866615  -0.951413
5.41907  -0.598247  1.78487  0.419575
-5.41908  0.598247  -1.78487  -0.419575
-2.84875  1.76442  -0.870999  0.94901
2.84875  -1.76442  0.871  -0.94901
5.4369  -0.594063  1.78048  0.417389
-5.4369  0.594062  -1.78048  -0.417389
-2.85748  1.7739  -0.875334  0.946615
2.85748  -1.7739  0.875336  -0.946615
5.45468  -0.5899  1.77614  0.415209
-5.45468  0.589899  -1.77614  -0.41521
-2.86626  1.78336  -0.879621  0.944228
2.86626  -1.78336  0.879623  -0.944228
5.47242  -0.585758  1.77185  0.413037
-5.47242  0.585758  -1.77186  -0.413037
-2.87507  1.79279  -0.883861  0.94185
2.87507  -1.79279  0.883862  -0.94185
5.49012  -0.581639  1.76761  0.410872
-5.49012  0.581639  -1.76762  -0.410872
-2.88393  1.80219  -0.888055  0.939479
2.88393  -1.80219  0.888056  -0.939479
5.50778  -0.577541  1.76342  0.408713
-5.50778  0.577541  -1.76342  -0.408714
-2.89283  1.81158  -0.892203  0.937117
2.89283  -1.81158  0.892204  -0.937117
5.52539  -0.573464  1.75928  0.406562
-5.52539  0.573464  -1.75928  -0.406562
-2.90178  1.82094  -0.896306  0.934763
2.90178  -1.82094  0.896308  -0.934763
5.54296  -0.56941  1.75517  0.404418
-5.54296  0.569409  -1.75517  -0.404418
-2.91076  1.83027  -0.900366  0.932418
2.91076  -1.83027  0.900368  -0.932417
5.56049  -0.565376  1.75112  0.402281
-5.56049  0.565376  -1.75112  -0.402281
-2.91978  1.83958  -0.904383  0.93008
2.91978  -1.83958  0.904385  -0.93008
5.57799  -0.561364  1.7471  0.400151
-5.57799  0.561364  -1.7471  -0.400151
-2.92885  1.84887  -0.908359  0.927751
2.92885  -1.84887  0.90836  -0.927751
5.59544  -0.557373  1.74313  0.398028
-5.59544  0.557373  -1.74313  -0.398028
-2.93795  1.85814  -0.912293  0.92543
2.93795  -1.85814  0.912294  -0.92543
5.61285  -0.553403  1.7392  0.395912
-5.61285  0.553403  -1.7392  -0.395912
-2.94709  1.86738  -0.916187  0.923117
2.94709  -1.86738  0.916188  -0.923117
5.63022  -0.549455  1.73531  0.393803
-5.63022  0.549455  -1.73532  -0.393803
-2.95627  1.8766  -0.920041  0.920813
2.95627  -1.8766  0.920043  -0.920813
5.64755  -0.545527  1.73147  0.391701
-5.64756  0.545527  -1.73147  -0.391701
-2.96549  1.8858  -0.923857  0.918517
2.96549  -1.8858  0.923858  -0.918517
5.66485  -0.541621  1.72766  0.389606
-5.66485  0.54162  -1.72766  -0.389607
-2.97475  1.89497  -0.927634  0.916229
2.97475  -1.89497  0.927636  -0.916229
5.68211  -0.537735  1.72389  0.387518
-5.68211  0.537735  -1.72389  -0.387519
-2.98405  1.90412  -0.931375  0.91395
2.98405  -1.90412  0.931376  -0.91395
5.69933  -0.53387  1.72016  0.385438
-5.69933  0.53387  -1.72016  -0.385438
-2.99338  1.91325  -0.935078  0.911678
2.99338  -1.91325  0.93508  -0.911678
5.71651  -0.530026  1.71646  0.383364
-5.71651  0.530026  -1.71646  -0.383364
-3.00275  1.92236  -0.938746  0.909415
3.00275  -1.92236  0.938747  -0.909415
5.73366  -0.526203  1.7128  0.381297
-5.73366  0.526203  -1.7128  -0.381298
-3.01215  1.93144  -0.942378  0.907161
3.01215  -1.93144  0.94238  -0.90716
5.75077  -0.5224  1.70918  0.379238
-5.75077  0.5224  -1.70918  -0.379238
-3.02159  1.9405  -0.945976  0.904914
3.0216  -1.9405  0.945977  -0.904914
5.76784  -0.518618  1.70559  0.377185
-5.76784  0.518618  -1.70559  -0.377185
-3.03107  1.94954  -0.94954  0.902675
3.03107  -1.94954  0.949541  -0.902675
5.78488  -0.514857  1.70204  0.375139
-5.78488  0.514856  -1.70204  -0.375139
-3.04059  1.95855  -0.95307  0.900445
3.04059  -1.95855  0.953071  -0.900445
5.80188  -0.511115  1.69852  0.3731
-5.80188  0.511115  -1.69852  -0.3731
-3.05013  1.96755  -0.956567  0.898223
3.05013  -1.96755  0.956569  -0.898223
5.81885  -0.507394  1.69504  0.371068
-5.81885  0.507394  -1.69504  -0.371068
-3.05972  1.97652  -0.960033  0.896008
3.05972  -1.97652  0.960034  -0.896008
5.83578  -0.503694  1.69158  0.369042
-5.83578  0.503694  -1.69159  -0.369043
-3.06933  1.98547  -0.963466  0.893802
3.06933  -1.98547  0.963467  -0.893802
5.85268  -0.500014  1.68816  0.367024
-5.85268  0.500013  -1.68817  -0.367024
-3.07899  1.99439  -0.966868  0.891604
3.07899  -1.99439  0.96687  -0.891604
5.86955  -0.496353  1.68478  0.365012
-5.86955  0.496353  -1.68478  -0.365012
-3.08867  2.0033  -0.97024  0.889414
3.08867  -2.0033  0.970242  -0.889414
5.88638  -0.492713  1.68142  0.363007
-5.88638  0.492713  -1.68142  -0.363008
-3.09839  2.01218  -0.973582  0.887232
3.09839  -2.01218  0.973583  -0.887232
5.90317  -0.489093  1.67809  0.361009
-5.90318  0.489093  -1.67809  -0.361009
-3.10814  2.02104  -0.976894  0.885058
3.10814  -2.02104  0.976896  -0.885058
5.91994  -0.485493  1.6748  0.359017
-5.91994  0.485493  -1.6748  -0.359018
-3.11793  2.02988  -0.980177  0.882891
3.11793  -2.02988  0.980179  -0.882891
5.93667  -0.481913  1.67153  0.357032
-5.93667  0.481913  -1.67153  -0.357033
-3.12775  2.0387  -0.983432  0.880733
3.12775  -2.0387  0.983434  -0.880733
5.95337  -0.478352  1.66829  0.355054
-5.95337  0.478352  -1.66829  -0.355054
-3.1376  2.0475  -0.986659  0.878582
3.1376  -2.0475  0.98666  -0.878582
5.97004  -0.474812  1.66508  0.353082
-5.97004  0.474811  -1.66508  -0.353083
-3.14748  2.05627  -0.989858  0.876439
3.14748  -2.05627  0.989859  -0.876439
5.98667  -0.471291  1.6619  0.351117
-5.98667  0.47129  -1.6619  -0.351118
-3.15739  2.06503  -0.993029  0.874304
3.15739  -2.06503  0.993031  -0.874304
6.00327  -0.467789  1.65875  0.349158
-6.00328  0.467789  -1.65875  -0.349159
-3.16734  2.07376  -0.996175  0.872176
3.16734  -2.07376  0.996176  -0.872176
6.01985  -0.464308  1.65562  0.347206
-6.01985  0.464307  -1.65562  -0.347207
-3.17732  2.08247  -0.999293  0.870056
3.17732  -2.08247  0.999295  -0.870056
6.03639  -0.460845  1.65252  0.34526
-6.03639  0.460845  -1.65252  -0.345261
-3.18733  2.09116  -1.00239  0.867944
3.18733  -2.09116  1.00239  -0.867944
6.0529  -0.457402  1.64945  0.343321
-6.0529  0.457402  -1.64945  -0.343321
-3.19736  2.09983  -1.00545  0.865839
3.19737  -2.09983  1.00546  -0.865839
6.06938  -0.453979  1.6464  0.341388
-6.06938  0.453978  -1.6464  -0.341388
-3.20743  2.10848  -1.0085  0.863742
3.20744  -2.10848  1.0085  -0.863742
6.08582  -0.450574  1.64338  0.339461
-6.08583  0.450574  -1.64338  -0.339461
-3.21753  2.11711  -1.01151  0.861652
3.21754  -2.1171  1.01152  -0.861652
6.10224  -0.447189  1.64038  0.337541
-6.10224  0.447189  -1.64038  -0.337541
-3.22766  2.12571  -1.01451  0.85957
3.22767  -2.12571  1.01451  -0.85957
6.11863  -0.443824  1.63741  0.335626
-6.11863  0.443823  -1.63741  -0.335627
-3.23782  2.1343  -1.01748  0.857495
3.23783  -2.1343  1.01748  -0.857495
6.13499  -0.440477  1.63446  0.333718
-6.13499  0.440477  -1.63446  -0.333719
-3.24801  2.14286  -1.02042  0.855427
3.24802  -2.14286  1.02043  -0.855427
6.15132  -0.437149  1.63154  0.331816
-6.15132  0.437149  -1.63154  -0.331817
-3.25823  2.1514  -1.02335  0.853367
3.25823  -2.1514  1.02335  -0.853367
6.16762  -0.433841  1.62864  0.32992
-6.16762  0.43384  -1.62864  -0.329921
-3.26848  2.15993  -1.02625  0.851314
3.26848  -2.15993  1.02625  -0.851313
6.1839  -0.430551  1.62576  0.328031
-6.1839  0.43055  -1.62576  -0.328031
-3.27876  2.16843  -1.02913  0.849268
3.27876  -2.16843  1.02913  -0.849267
6.20014  -0.42728  1.62291  0.326147
-6.20014  0.42728  -1.62291  -0.326147
-3.28906  2.17691  -1.03198  0.847229
3.28906  -2.17691  1.03198  -0.847229
6.21635  -0.424028  1.62007  0.324269
-6.21635  0.424027  -1.62008  -0.324269
-3.2994  2.18538  -1.03482  0.845197
3.2994  -2.18538  1.03482  -0.845197
6.23254  -0.420794  1.61726  0.322397
-6.23254  0.420794  -1.61727  -0.322397
-3.30976  2.19382  -1.03763  0.843172
3.30976  -2.19382  1.03763  -0.843172
6.2487  -0.41758  1.61448  0.320531
-6.2487  0.417579  -1.61448  -0.320531
-3.32015  2.20224  -1.04042  0.841155
3.32015  -2.20224  1.04042  -0.841155
6.26483  -0.414384  1.61171  0.318671
-6.26483  0.414383  -1.61171  -0.318671
-3.33057  2.21064  -1.04319  0.839144
3.33057  -2.21064  1.04319  -0.839144
6.28093  -0.411206  1.60896  0.316817
-6.28093  0.411206  -1.60897  -0.316817
-3.34101  2.21902  -1.04594  0.83714
3.34101  -2.21902  1.04595  -0.83714
6.29701  -0.408047  1.60624  0.314968
-6.29701  0.408047  -1.60624  -0.314969
-3.35149  2.22738  -1.04867  0.835143
3.35149  -2.22738  1.04868  -0.835143
6.31306  -0.404907  1.60354  0.313125
-6.31306  0.404907  -1.60354  -0.313126
-3.36199  2.23572  -1.05139  0.833153
3.36199  -2.23572  1.05139  -0.833153
6.32908  -0.401785  1.60085  0.311288
-6.32908  0.401785  -1.60085  -0.311289
-3.37251  2.24405  -1.05408  0.83117
3.37252  -2.24405  1.05408  -0.83117
6.34507  -0.398681  1.59819  0.309457
-6.34508  0.398681  -1.59819  -0.309457
-3.38307  2.25235  -1.05675  0.829193
3.38307  -2.25235  1.05675  -0.829193
6.36104  -0.395596  1.59554  0.307631
-6.36104  0.395595  -1.59554  -0.307631
-3.39365  2.26063  -1.0594  0.827223
3.39365  -2.26063  1.0594  -0.827223
6.37699  -0.392529  1.59292  0.30581
-6.37699  0.392528  -1.59292  -0.305811
-3.40426  2.26889  -1.06203  0.82526
3.40426  -2.26889  1.06204  -0.82526
6.3929  -0.389479  1.59031  0.303996
-6.3929  0.389479  -1.59031  -0.303996
-3.41489  2.27714  -1.06465  0.823303
3.41489  -2.27714  1.06465  -0.823303
6.40879  -0.386449  1.58772  0.302186
-6.40879  0.386448  -1.58773  -0.302187
-3.42555  2.28536  -1.06725  0.821353
3.42555  -2.28536  1.06725  -0.821352
6.42466  -0.383436  1.58516  0.300382
-6.42466  0.383435  -1.58516  -0.300383
-3.43623  2.29356  -1.06983  0.819409
3.43624  -2.29356  1.06983  -0.819409
6.44049  -0.380441  1.58261  0.298584
-6.4405  0.38044  -1.58261  -0.298584
-3.44695  2.30175  -1.07239  0.817471
3.44695  -2.30175  1.07239  -0.817471
6.45631  -0.377464  1.58007  0.296791
-6.45631  0.377464  -1.58007  -0.296791
-3.45768  2.30991  -1.07493  0.81554
3.45768  -2.30991  1.07493  -0.81554
6.4721  -0.374505  1.57756  0.295003
-6.4721  0.374505  -1.57756  -0.295003
-3.46844  2.31806  -1.07746  0.813616
3.46845  -2.31806  1.07746  -0.813615
6.48786  -0.371564  1.57506  0.29322
-6.48786  0.371563  -1.57506  -0.293221
-3.47923  2.32618  -1.07997  0.811697
3.47923  -2.32618  1.07997  -0.811697
6.5036  -0.368641  1.57258  0.291443
-6.5036  0.36864  -1.57258  -0.291443
-3.49004  2.33429  -1.08246  0.809785
3.49004  -2.33429  1.08247  -0.809785
6.51931  -0.365735  1.57012  0.28967
-6.51931  0.365735  -1.57012  -0.289671
-3.50088  2.34238  -1.08494  0.807879
3.50088  -2.34238  1.08494  -0.807879
6.535  -0.362847  1.56767  0.287903
-6.535  0.362847  -1.56767  -0.287904
-3.51174  2.35045  -1.0874  0.805979
3.51174  -2.35045  1.0874  -0.805979
6.55066  -0.359977  1.56524  0.286141
-6.55067  0.359977  -1.56524  -0.286142
-3.52263  2.3585  -1.08985  0.804085
3.52263  -2.3585  1.08985  -0.804085
6.5663  -0.357124  1.56283  0.284385
-6.56631  0.357124  -1.56283  -0.284385
-3.53354  2.36653  -1.09227  0.802198
3.53354  -2.36653  1.09228  -0.802197
6.58192  -0.354289  1.56043  0.282633
-6.58192  0.354289  -1.56043  -0.282633
-3.54447  2.37454  -1.09469  0.800316
3.54448  -2.37454  1.09469  -0.800315
6.59751  -0.351472  1.55805  0.280886
-6.59752  0.351471  -1.55805  -0.280886
-3.55543  2.38254  -1.09708  0.79844
3.55543  -2.38254  1.09709  -0.79844
6.61308  -0.348672  1.55568  0.279144
-6.61308  0.348671  -1.55569  -0.279144
-3.56642  2.39051  -1.09947  0.79657
3.56642  -2.39051  1.09947  -0.79657
6.62863  -0.345889  1.55333  0.277407
-6.62863  0.345888  -1.55334  -0.277407
-3.57742  2.39847  -1.10183  0.794706
3.57742  -2.39847  1.10184  -0.794706
6.64415  -0.343123  1.551  0.275675
-6.64415  0.343123  -1.551  -0.275675
-3.58845  2.40641  -1.10419  0.792848
3.58845  -2.40641  1.10419  -0.792847
6.65965  -0.340375  1.54868  0.273947
-6.65965  0.340375  -1.54868  -0.273948
-3.59951  2.41433  -1.10652  0.790995
3.59951  -2.41433  1.10653  -0.790995
6.67512  -0.337644  1.54637  0.272225
-6.67513  0.337644  -1.54637  -0.272225
-3.61058  2.42223  -1.10885  0.789149
3.61058  -2.42223  1.10885  -0.789148
6.69058  -0.334931  1.54408  0.270507
-6.69058  0.33493  -1.54408  -0.270507
-3.62168  2.43011  -1.11116  0.787308
3.62168  -2.43011  1.11116  -0.787307
6.70601  -0.332234  1.54181  0.268794
-6.70601  0.332234  -1.54181  -0.268794
-3.6328  2.43797  -1.11345  0.785472
3.63281  -2.43797  1.11345  -0.785472
6.72141  -0.329555  1.53954  0.267085
-6.72141  0.329554  -1.53955  -0.267086
-3.64395  2.44582  -1.11573  0.783642
3.64395  -2.44582  1.11573  -0.783642
6.7368  -0.326893  1.5373  0.265381
-6.7368  0.326892  -1.5373  -0.265382
-3.65512  2.45365  -1.118  0.781818
3.65512  -2.45365  1.118  -0.781818
6.75216  -0.324247  1.53506  0.263682
-6.75216  0.324247  -1.53506  -0.263683
-3.66631  2.46146  -1.12025  0.779999
3.66631  -2.46145  1.12025  -0.779999
6.7675  -0.321619  1.53284  0.261987
-6.7675  0.321618  -1.53284  -0.261988
-3.67752  2.46925  -1.12249  0.778186
3.67753  -2.46925  1.12249  -0.778185
6.78281  -0.319008  1.53064  0.260297
-6.78282  0.319007  -1.53064  -0.260298
-3.68876  2.47702  -1.12472  0.776378
3.68876  -2.47702  1.12472  -0.776378
6.79811  -0.316413  1.52844  0.258612
-6.79811  0.316412  -1.52844  -0.258612
-3.70002  2.48477  -1.12693  0.774575
3.70002  -2.48477  1.12694  -0.774575
6.81338  -0.313835  1.52626  0.25693
-6.81339  0.313835  -1.52626  -0.256931
-3.7113  2.49251  -1.12914  0.772778
3.7113  -2.49251  1.12914  -0.772778
6.82864  -0.311274  1.5241  0.255253
-6.82864  0.311274  -1.5241  -0.255254
-3.7226  2.50023  -1.13132  0.770986
3.7226  -2.50023  1.13133  -0.770986
6.84387  -0.30873  1.52194  0.253581
-6.84387  0.30873  -1.52194  -0.253581
-3.73393  2.50793  -1.1335  0.769199
3.73393  -2.50793  1.1335  -0.769199
6.85907  -0.306203  1.5198  0.251913
-6.85908  0.306202  -1.5198  -0.251913
-3.74527  2.51561  -1.13566  0.767418
3.74527  -2.51561  1.13566  -0.767417
6.87426  -0.303692  1.51767  0.250249
-6.87426  0.303691  -1.51767  -0.250249
-3.75664  2.52328  -1.13781  0.765642
3.75664  -2.52328  1.13782  -0.765641
6.88943  -0.301198  1.51556  0.248589
-6.88943  0.301197  -1.51556  -0.24859
-3.76803  2.53093  -1.13995  0.76387
3.76803  -2.53093  1.13995  -0.76387
6.90457  -0.29872  1.51345  0.246934
-6.90458  0.298719  -1.51345  -0.246934
-3.77944  2.53856  -1.14208  0.762104
3.77944  -2.53856  1.14208  -0.762104
6.9197  -0.296259  1.51136  0.245283
-6.9197  0.296258  -1.51136  -0.245283
-3.79087  2.54617  -1.1442  0.760343
3.79087  -2.54617  1.1442  -0.760342
6.9348  -0.293814  1.50928  0.243636
-6.9348  0.293814  -1.50928  -0.243636
-3.80232  2.55376  -1.1463  0.758587
3.80232  -2.55376  1.1463  -0.758586
6.94988  -0.291386  1.50721  0.241993
-6.94989  0.291386  -1.50721  -0.241993
-3.81379  2.56134  -1.14839  0.756835
3.8138  -2.56134  1.14839  -0.756835
6.96494  -0.288975  1.50515  0.240354
-6.96495  0.288974  -1.50516  -0.240355
-3.82529  2.5689  -1.15047  0.755089
3.82529  -2.5689  1.15047  -0.755089
6.97999  -0.286579  1.50311  0.238719
-6.97999  0.286578  -1.50311  -0.23872
-3.8368  2.57644  -1.15254  0.753348
3.83681  -2.57644  1.15254  -0.753347
6.99501  -0.2842  1.50108  0.237088
-6.99501  0.284199  -1.50108  -0.237089
-3.84834  2.58397  -1.1546  0.751611
3.84834  -2.58397  1.1546  -0.75161
7.01001  -0.281837  1.49905  0.235462
-7.01001  0.281837  -1.49905  -0.235462
-3.8599  2.59147  -1.15664  0.749879
3.8599  -2.59147  1.15665  -0.749878
7.02499  -0.279491  1.49704  0.233839
-7.02499  0.27949  -1.49704  -0.233839
-3.87147  2.59896  -1.15868  0.748152
3.87147  -2.59896  1.15868  -0.748151
7.03995  -0.277161  1.49504  0.23222
-7.03995  0.27716  -1.49504  -0.23222
-3.88307  2.60644  -1.16071  0.746429
3.88307  -2.60644  1.16071  -0.746429
7.05489  -0.274846  1.49305  0.230605
-7.05489  0.274846  -1.49305  -0.230605
-3.89469  2.61389  -1.16272  0.744712
3.89469  -2.61389  1.16272  -0.744711
7.06981  -0.272548  1.49107  0.228993
-7.06981  0.272548  -1.49107  -0.228994
-3.90632  2.62133  -1.16473  0.742998
3.90633  -2.62133  1.16473  -0.742998
7.08471  -0.270267  1.4891  0.227386
-7.08471  0.270266  -1.48911  -0.227387
-3.91798  2.62875  -1.16672  0.74129
3.91798  -2.62875  1.16672  -0.741289
7.09959  -0.268001  1.48715  0.225782
-7.09959  0.268  -1.48715  -0.225783
-3.92966  2.63616  -1.1687  0.739586
3.92966  -2.63616  1.1687  -0.739585
7.11445  -0.265751  1.4852  0.224183
-7.11446  0.26575  -1.4852  -0.224183
-3.94135  2.64354  -1.17068  0.737886
3.94136  -2.64354  1.17068  -0.737886
7.1293  -0.263517  1.48326  0.222586
-7.1293  0.263516  -1.48326  -0.222587
-3.95307  2.65092  -1.17264  0.736191
3.95307  -2.65091  1.17264  -0.736191
7.14412  -0.261299  1.48134  0.220994
-7.14412  0.261298  -1.48134  -0.220995
-3.96481  2.65827  -1.17459  0.7345
3.96481  -2.65827  1.17459  -0.7345
7.15892  -0.259097  1.47942  0.219405
-7.15893  0.259096  -1.47942  -0.219406
-3.97656  2.66561  -1.17654  0.732814
3.97657  -2.6656  1.17654  -0.732814
7.17371  -0.256911  1.47751  0.21782
-7.17371  0.25691  -1.47751  -0.21782
-3.98834  2.67292  -1.17847  0.731132
3.98834  -2.67292  1.17847  -0.731132
7.18847  -0.254741  1.47561  0.216238
-7.18848  0.25474  -1.47562  -0.216239
-4.00013  2.68023  -1.18039  0.729455
4.00013  -2.68023  1.18039  -0.729454
7.20322  -0.252586  1.47373  0.21466
-7.20322  0.252586  -1.47373  -0.214661
-4.01195  2.68751  -1.18231  0.727781
4.01195  -2.68751  1.18231  -0.727781
7.21795  -0.250448  1.47185  0.213086
-7.21795  0.250447  -1.47185  -0.213086
-4.02378  2.69478  -1.18421  0.726112
4.02378  -2.69478  1.18421  -0.726112
7.23266  -0.248325  1.46998  0.211515
-7.23266  0.248324  -1.46998  -0.211515
-4.03563  2.70204  -1.18611  0.724447
4.03563  -2.70204  1.18611  -0.724447
7.24735  -0.246217  1.46812  0.209947
-7.24735  0.246217  -1.46812  -0.209948
-4.0475  2.70927  -1.18799  0.722787
4.0475  -2.70927  1.188  -0.722786
7.26202  -0.244126  1.46627  0.208383
-7.26202  0.244125  -1.46627  -0.208383
-4.05939  2.71649  -1.18987  0.72113
4.05939  -2.71649  1.18987  -0.72113
7.27667  -0.24205  1.46443  0.206822
-7.27668  0.242049  -1.46443  -0.206823
-4.0713  2.7237  -1.19174  0.719478
4.0713  -2.72369  1.19174  -0.719477
7.29131  -0.239989  1.4626  0.205265
-7.29131  0.239988  -1.4626  -0.205265
-4.08323  2.73088  -1.1936  0.71783
4.08323  -2.73088  1.1936  -0.717829
7.30592  -0.237944  1.46077  0.203711
-7.30593  0.237944  -1.46078  -0.203711
-4.09517  2.73805  -1.19545  0.716185
4.09517  -2.73805  1.19545  -0.716185
7.32052  -0.235915  1.45896  0.20216
-7.32053  0.235914  -1.45896  -0.202161
-4.10713  2.74521  -1.19729  0.714545
4.10714  -2.7452  1.1973  -0.714544
7.3351  -0.233901  1.45715  0.200612
-7.33511  0.2339  -1.45716  -0.200613
-4.11912  2.75234  -1.19913  0.712909
4.11912  -2.75234  1.19913  -0.712908
7.34967  -0.231903  1.45536  0.199068
-7.34967  0.231902  -1.45536  -0.199069
-4.13112  2.75946  -1.20095  0.711276
4.13112  -2.75946  1.20095  -0.711276
7.36421  -0.22992  1.45357  0.197527
-7.36421  0.229919  -1.45357  -0.197528
-4.14314  2.76657  -1.20277  0.709648
4.14314  -2.76657  1.20277  -0.709647
7.37874  -0.227952  1.45179  0.19599
-7.37874  0.227951  -1.45179  -0.19599
-4.15517  2.77366  -1.20458  0.708023
4.15517  -2.77366  1.20458  -0.708022
7.39325  -0.226  1.45002  0.194455
-7.39325  0.225999  -1.45002  -0.194456
-4.16723  2.78073  -1.20638  0.706402
4.16723  -2.78073  1.20638  -0.706402
7.40774  -0.224063  1.44826  0.192924
-7.40774  0.224062  -1.44826  -0.192924
-4.1793  2.78779  -1.20817  0.704785
4.1793  -2.78778  1.20817  -0.704784
7.42221  -0.222141  1.4465  0.191395
-7.42222  0.222141  -1.4465  -0.191396
-4.19139  2.79482  -1.20995  0.703172
4.19139  -2.79482  1.20995  -0.703171
7.43667  -0.220235  1.44475  0.18987
-7.43667  0.220234  -1.44476  -0.189871
-4.2035  2.80185  -1.21173  0.701562
4.2035  -2.80185  1.21173  -0.701562
7.45111  -0.218344  1.44301  0.188348
-7.45111  0.218343  -1.44302  -0.188349
-4.21563  2.80886  -1.21349  0.699956
4.21563  -2.80886  1.2135  -0.699956
7.46553  -0.216468  1.44128  0.186829
-7.46553  0.216467  -1.44129  -0.186829
-4.22777  2.81585  -1.21525  0.698354
4.22777  -2.81585  1.21526  -0.698353
7.47993  -0.214607  1.43956  0.185312
-7.47994  0.214607  -1.43956  -0.185313
-4.23993  2.82282  -1.21701  0.696756
4.23993  -2.82282  1.21701  -0.696755
7.49432  -0.212762  1.43785  0.183799
-7.49432  0.212761  -1.43785  -0.1838
-4.25211  2.82978  -1.21875  0.695161
4.25211  -2.82978  1.21875  -0.69516
7.50869  -0.210931  1.43614  0.182289
-7.50869  0.210931  -1.43614  -0.18229
-4.26431  2.83673  -1.22049  0.693569
4.26431  -2.83673  1.22049  -0.693569
7.52304  -0.209116  1.43444  0.180782
-7.52305  0.209115  -1.43444  -0.180783
-4.27652  2.84365  -1.22222  0.691981
4.27652  -2.84365  1.22222  -0.691981
7.53738  -0.207316  1.43274  0.179277
-7.53738  0.207315  -1.43275  -0.179278
-4.28875  2.85057  -1.22394  0.690397
4.28875  -2.85056  1.22394  -0.690396
7.5517  -0.20553  1.43106  0.177776
-7.5517  0.20553  -1.43106  -0.177777
-4.301  2.85746  -1.22565  0.688816
4.301  -2.85746  1.22565  -0.688815
7.566  -0.20376  1.42938  0.176277
-7.566  0.203759  -1.42938  -0.176278
-4.31326  2.86434  -1.22736  0.687239
4.31327  -2.86434  1.22736  -0.687238
7.58029  -0.202005  1.42771  0.174781
-7.58029  0.202004  -1.42771  -0.174782
-4.32554  2.87121  -1.22906  0.685665
4.32555  -2.87121  1.22906  -0.685664
7.59455  -0.200265  1.42605  0.173288
-7.59456  0.200264  -1.42605  -0.173289
-4.33784  2.87806  -1.23075  0.684094
4.33785  -2.87805  1.23075  -0.684093
7.60881  -0.198539  1.42439  0.171798
-7.60881  0.198538  -1.42439  -0.171799
-4.35016  2.88489  -1.23244  0.682527
4.35016  -2.88489  1.23244  -0.682526
7.62304  -0.196829  1.42274  0.17031
-7.62305  0.196828  -1.42274  -0.170311
-4.36249  2.89171  -1.23412  0.680963
4.3625  -2.89171  1.23412  -0.680962
7.63726  -0.195133  1.4211  0.168825
-7.63727  0.195132  -1.4211  -0.168826
-4.37484  2.89851  -1.23579  0.679402
4.37485  -2.89851  1.23579  -0.679401
7.65146  -0.193452  1.41947  0.167343
-7.65147  0.193451  -1.41947  -0.167344
-4.38721  2.90529  -1.23745  0.677845
4.38721  -2.90529  1.23746  -0.677844
7.66565  -0.191786  1.41784  0.165864
-7.66565  0.191785  -1.41784  -0.165865
-4.39959  2.91206  -1.23911  0.67629
4.39959  -2.91206  1.23911  -0.67629
7.67982  -0.190135  1.41622  0.164387
-7.67982  0.190134  -1.41622  -0.164388
-4.41199  2.91882  -1.24076  0.674739
4.41199  -2.91882  1.24076  -0.674739
7.69397  -0.188498  1.4146  0.162913
-7.69398  0.188497  -1.4146  -0.162913
-4.42441  2.92556  -1.24241  0.673192
4.42441  -2.92556  1.24241  -0.673191
7.70811  -0.186877  1.41299  0.161441
-7.70812  0.186876  -1.41299  -0.161442
-4.43684  2.93228  -1.24404  0.671647
4.43684  -2.93228  1.24405  -0.671646
7.72223  -0.185269  1.41139  0.159972
-7.72224  0.185268  -1.41139  -0.159973
-4.44929  2.93899  -1.24568  0.670105
4.44929  -2.93899  1.24568  -0.670105
7.73634  -0.183677  1.4098  0.158505
-7.73634  0.183676  -1.4098  -0.158506
-4.46175  2.94569  -1.2473  0.668567
4.46176  -2.94569  1.2473  -0.668566
7.75043  -0.182099  1.40821  0.157041
-7.75043  0.182098  -1.40821  -0.157042
-4.47423  2.95236  -1.24892  0.667032
4.47424  -2.95236  1.24892  -0.667031
7.7645  -0.180536  1.40662  0.15558
-7.76451  0.180535  -1.40663  -0.155581
-4.48673  2.95903  -1.25053  0.665499
4.48673  -2.95903  1.25053  -0.665498
7.77856  -0.178988  1.40505  0.154121
-7.77857  0.178987  -1.40505  -0.154122
-4.49924  2.96567  -1.25214  0.66397
4.49925  -2.96567  1.25214  -0.663969
7.79261  -0.177454  1.40348  0.152664
-7.79261  0.177453  -1.40348  -0.152665
-4.51177  2.97231  -1.25374  0.662444
4.51178  -2.97231  1.25374  -0.662443
7.80663  -0.175934  1.40191  0.15121
-7.80664  0.175933  -1.40192  -0.151211
-4.52432  2.97892  -1.25533  0.66092
4.52432  -2.97892  1.25533  -0.660919
7.82064  -0.17443  1.40036  0.149758
-7.82065  0.174429  -1.40036  -0.149759
-4.53688  2.98552  -1.25692  0.6594
4.53688  -2.98552  1.25692  -0.659399
7.83464  -0.172939  1.39881  0.148309
-7.83464  0.172938  -1.39881  -0.14831
-4.54946  2.99211  -1.2585  0.657882
4.54946  -2.99211  1.2585  -0.657881
7.84862  -0.171463  1.39726  0.146862
-7.84862  0.171462  -1.39726  -0.146862
-4.56205  2.99868  -1.26007  0.656367
4.56206  -2.99868  1.26008  -0.656367
7.86259  -0.170002  1.39572  0.145417
-7.86259  0.170001  -1.39572  -0.145418
-4.57466  3.00524  -1.26164  0.654855
4.57466  -3.00524  1.26165  -0.654855
7.87653  -0.168555  1.39419  0.143974
-7.87654  0.168554  -1.39419  -0.143975
-4.58728  3.01178  -1.26321  0.653346
4.58729  -3.01178  1.26321  -0.653346
7.89047  -0.167122  1.39266  0.142534
-7.89047  0.167121  -1.39266  -0.142535
-4.59992  3.01831  -1.26476  0.65184
4.59993  -3.0183  1.26477  -0.651839
7.90439  -0.165704  1.39114  0.141096
-7.90439  0.165703  -1.39114  -0.141097
-4.61258  3.02482  -1.26632  0.650337
4.61258  -3.02481  1.26632  -0.650336
7.91829  -0.164301  1.38962  0.139661
-7.9183  0.164299  -1.38962  -0.139662
-4.62525  3.03131  -1.26786  0.648836
4.62525  -3.03131  1.26786  -0.648835
7.93218  -0.162911  1.38811  0.138227
-7.93218  0.16291  -1.38811  -0.138228
-4.63794  3.03779  -1.2694  0.647338
4.63794  -3.03779  1.2694  -0.647337
7.94605  -0.161536  1.38661  0.136796
-7.94606  0.161535  -1.38661  -0.136797
-4.65064  3.04426  -1.27094  0.645842
4.65064  -3.04426  1.27094  -0.645842
7.95991  -0.160175  1.38511  0.135367
-7.95992  0.160174  -1.38511  -0.135368
-4.66335  3.05071  -1.27247  0.64435
4.66336  -3.05071  1.27247  -0.644349
7.97376  -0.158829  1.38361  0.13394
-7.97376  0.158827  -1.38362  -0.133941
-4.67609  3.05715  -1.27399  0.64286
4.67609  -3.05714  1.27399  -0.642859
7.98758  -0.157496  1.38212  0.132516
-7.98759  0.157495  -1.38213  -0.132517
-4.68883  3.06357  -1.27551  0.641372
4.68884  -3.06357  1.27551  -0.641371
8.0014  -0.156178  1.38064  0.131093
-8.0014  0.156177  -1.38064  -0.131094
-4.7016  3.06997  -1.27702  0.639887
4.7016  -3.06997  1.27702  -0.639886
8.0152  -0.154874  1.37916  0.129673
-8.0152  0.154873  -1.37917  -0.129674
-4.71437  3.07636  -1.27853  0.638405
4.71438  -3.07636  1.27853  -0.638404
8.02898  -0.153585  1.37769  0.128254
-8.02899  0.153584  -1.37769  -0.128255
-4.72717  3.08274  -1.28003  0.636925
4.72717  -3.08274  1.28003  -0.636924
8.04275  -0.152309  1.37622  0.126838
-8.04275  0.152308  -1.37623  -0.126839
-4.73998  3.0891  -1.28153  0.635448
4.73998  -3.0891  1.28153  -0.635447
8.0565  -0.151048  1.37476  0.125423
-8.05651  0.151047  -1.37476  -0.125424
-4.7528  3.09545  -1.28302  0.633973
4.7528  -3.09545  1.28302  -0.633972
8.07024  -0.149801  1.37331  0.124011
-8.07025  0.1498  -1.37331  -0.124012
-4.76564  3.10178  -1.2845  0.632501
4.76564  -3.10178  1.28451  -0.6325
8.08397  -0.148568  1.37185  0.122601
-8.08397  0.148567  -1.37186  -0.122602
-4.77849  3.1081  -1.28599  0.631031
4.77849  -3.1081  1.28599  -0.63103
8.09768  -0.147349  1.37041  0.121192
-8.09768  0.147348  -1.37041  -0.121193
-4.79136  3.1144  -1.28746  0.629564
4.79136  -3.1144  1.28746  -0.629563
8.11138  -0.146144  1.36897  0.119786
-8.11138  0.146143  -1.36897  -0.119787
-4.80424  3.12069  -1.28893  0.628098
4.80424  -3.12069  1.28894  -0.628097
8.12506  -0.144953  1.36753  0.118381
-8.12506  0.144952  -1.36753  -0.118382
-4.81713  3.12697  -1.2904  0.626636
4.81714  -3.12696  1.2904  -0.626635
8.13873  -0.143776  1.3661  0.116979
-8.13873  0.143775  -1.3661  -0.11698
-4.83005  3.13322  -1.29186  0.625175
4.83005  -3.13322  1.29186  -0.625174
8.15238  -0.142614  1.36467  0.115578
-8.15239  0.142612  -1.36467  -0.115579
-4.84297  3.13947  -1.29332  0.623717
4.84298  -3.13947  1.29332  -0.623716
8.16602  -0.141465  1.36325  0.114179
-8.16603  0.141464  -1.36325  -0.11418
-4.85591  3.1457  -1.29477  0.622262
4.85592  -3.1457  1.29477  -0.622261
8.17965  -0.14033  1.36183  0.112782
-8.17965  0.140329  -1.36183  -0.112783
-4.86887  3.15191  -1.29622  0.620808
4.86887  -3.15191  1.29622  -0.620807
8.19326  -0.139209  1.36042  0.111387
-8.19326  0.139208  -1.36042  -0.111388
-4.88184  3.15812  -1.29766  0.619357
4.88184  -3.15811  1.29766  -0.619356
8.20686  -0.138102  1.35901  0.109993
-8.20686  0.138101  -1.35901  -0.109995
-4.89482  3.1643  -1.29909  0.617908
4.89482  -3.1643  1.2991  -0.617907
8.22044  -0.137009  1.35761  0.108602
-8.22045  0.137008  -1.35761  -0.108603
-4.90782  3.17047  -1.30053  0.616461
4.90782  -3.17047  1.30053  -0.61646
8.23401  -0.13593  1.35621  0.107212
-8.23402  0.135929  -1.35621  -0.107213
-4.92083  3.17663  -1.30195  0.615017
4.92084  -3.17663  1.30196  -0.615016
8.24757  -0.134865  1.35482  0.105824
-8.24757  0.134864  -1.35482  -0.105825
-4.93386  3.18277  -1.30338  0.613574
4.93386  -3.18277  1.30338  -0.613573
8.26111  -0.133814  1.35343  0.104438
-8.26111  0.133812  -1.35343  -0.104439
-4.9469  3.1889  -1.3048  0.612134
4.9469  -3.1889  1.3048  -0.612133
8.27464  -0.132776  1.35204  0.103053
-8.27464  0.132775  -1.35204  -0.103054
-4.95995  3.19502  -1.30621  0.610696
4.95996  -3.19502  1.30621  -0.610695
8.28815  -0.131753  1.35066  0.10167
-8.28815  0.131751  -1.35066  -0.101671
-4.97302  3.20112  -1.30762  0.60926
4.97303  -3.20112  1.30762  -0.609259
8.30165  -0.130743  1.34929  0.100289
-8.30165  0.130741  -1.34929  -0.10029
-4.98611  3.2072  -1.30902  0.607826
4.98611  -3.2072  1.30903  -0.607825
8.31514  -0.129747  1.34791  0.0989094
-8.31514  0.129745  -1.34792  -0.0989105
-4.9992  3.21327  -1.31043  0.606394
4.99921  -3.21327  1.31043  -0.606393
8.32861  -0.128765  1.34655  0.0975314
-8.32861  0.128763  -1.34655  -0.0975326
-5.01231  3.21933  -1.31182  0.604964
5.01232  -3.21933  1.31182  -0.604963
8.34207  -0.127796  1.34518  0.0961551
-8.34207  0.127795  -1.34519  -0.0961563
-5.02544  3.22537  -1.31321  0.603536
5.02544  -3.22537  1.31322  -0.603535
8.35551  -0.126842  1.34382  0.0947804
-8.35552  0.12684  -1.34383  -0.0947816
-5.03858  3.2314  -1.3146  0.60211
5.03858  -3.2314  1.3146  -0.602109
8.36894  -0.125901  1.34247  0.0934072
-8.36895  0.125899  -1.34247  -0.0934084
-5.05173  3.23741  -1.31598  0.600686
5.05174  -3.23741  1.31599  -0.600685
8.38236  -0.124973  1.34112  0.0920356
-8.38237  0.124972  -1.34112  -0.0920369
-5.0649  3.24341  -1.31736  0.599264
5.0649  -3.24341  1.31737  -0.599263
8.39577  -0.12406  1.33977  0.0906656
-8.39577  0.124058  -1.33978  -0.0906668
-5.07808  3.2494  -1.31874  0.597844
5.07808  -3.2494  1.31874  -0.597843
8.40916  -0.12316  1.33843  0.0892971
-8.40916  0.123159  -1.33843  -0.0892983
-5.09127  3.25537  -1.32011  0.596426
5.09128  -3.25537  1.32011  -0.596425
8.42253  -0.122274  1.33709  0.0879301
-8.42254  0.122272  -1.3371  -0.0879313
-5.10448  3.26133  -1.32148  0.59501
5.10449  -3.26133  1.32148  -0.595008
8.4359  -0.121401  1.33576  0.0865646
-8.4359  0.1214  -1.33576  -0.0865659
-5.1177  3.26727  -1.32284  0.593595
5.11771  -3.26727  1.32284  -0.593594
8.44925  -0.120543  1.33443  0.0852006
-8.44925  0.120541  -1.33443  -0.0852018
-5.13094  3.2732  -1.3242  0.592183
5.13094  -3.2732  1.3242  -0.592181
8.46259  -0.119697  1.3331  0.083838
-8.46259  0.119696  -1.33311  -0.0838393
-5.14419  3.27911  -1.32555  0.590772
5.14419  -3.27911  1.32555  -0.590771
8.47591  -0.118866  1.33178  0.0824769
-8.47592  0.118864  -1.33178  -0.0824782
-5.15745  3.28502  -1.3269  0.589363
5.15745  -3.28501  1.32691  -0.589362
8.48922  -0.118048  1.33046  0.0811172
-8.48923  0.118046  -1.33046  -0.0811185
-5.17072  3.2909  -1.32825  0.587956
5.17073  -3.2909  1.32825  -0.587954
8.50252  -0.117244  1.32915  0.0797589
-8.50253  0.117242  -1.32915  -0.0797602
-5.18401  3.29677  -1.32959  0.58655
5.18402  -3.29677  1.32959  -0.586549
8.51581  -0.116453  1.32784  0.078402
-8.51581  0.116451  -1.32784  -0.0784033
-5.19732  3.30263  -1.33093  0.585147
5.19732  -3.30263  1.33093  -0.585145
8.52908  -0.115675  1.32653  0.0770465
-8.52908  0.115674  -1.32653  -0.0770478
-5.21063  3.30848  -1.33227  0.583745
5.21064  -3.30848  1.33227  -0.583743
8.54234  -0.114912  1.32523  0.0756923
-8.54234  0.11491  -1.32523  -0.0756936
-5.22396  3.31431  -1.3336  0.582344
5.22397  -3.31431  1.3336  -0.582343
8.55558  -0.114162  1.32393  0.0743395
-8.55559  0.11416  -1.32393  -0.0743408
-5.2373  3.32012  -1.33493  0.580946
5.23731  -3.32012  1.33493  -0.580945
8.56881  -0.113425  1.32263  0.0729879
-8.56882  0.113423  -1.32263  -0.0729892
-5.25066  3.32593  -1.33625  0.579549
5.25066  -3.32593  1.33625  -0.579548
8.58203  -0.112702  1.32134  0.0716377
-8.58204  0.1127  -1.32134  -0.071639
-5.26403  3.33172  -1.33757  0.578154
5.26403  -3.33171  1.33757  -0.578152
8.59524  -0.111992  1.32005  0.0702888
-8.59525  0.111991  -1.32005  -0.0702901
-5.27741  3.33749  -1.33889  0.57676
5.27742  -3.33749  1.33889  -0.576759
8.60843  -0.111296  1.31877  0.0689411
-8.60844  0.111294  -1.31877  -0.0689424
-5.29081  3.34325  -1.3402  0.575368
5.29081  -3.34325  1.3402  -0.575367
8.62162  -0.110613  1.31749  0.0675947
-8.62162  0.110612  -1.31749  -0.067596
-5.30422  3.349  -1.34151  0.573977
5.30422  -3.349  1.34151  -0.573976
8.63478  -0.109944  1.31621  0.0662495
-8.63479  0.109942  -1.31621  -0.0662508
-5.31764  3.35473  -1.34281  0.572589
5.31764  -3.35473  1.34281  -0.572587
8.64794  -0.109288  1.31493  0.0649055
-8.64794  0.109287  -1.31494  -0.0649069
-5.33107  3.36045  -1.34411  0.571201
5.33108  -3.36045  1.34412  -0.5712
8.66108  -0.108646  1.31366  0.0635628
-8.66109  0.108644  -1.31366  -0.0635641
-5.34452  3.36615  -1.34541  0.569815
5.34452  -3.36615  1.34541  -0.569814
8.67421  -0.108017  1.3124  0.0622212
-8.67422  0.108015  -1.3124  -0.0622226
-5.35798  3.37185  -1.34671  0.568431
5.35799  -3.37184  1.34671  -0.56843
8.68733  -0.107402  1.31113  0.0608808
-8.68733  0.1074  -1.31113  -0.0608822
-5.37145  3.37752  -1.348  0.567048
5.37146  -3.37752  1.348  -0.567047
8.70043  -0.1068  1.30987  0.0595416
-8.70044  0.106798  -1.30987  -0.0595429
-5.38494  3.38319  -1.34929  0.565667
5.38495  -3.38319  1.34929  -0.565666
8.71352  -0.106211  1.30861  0.0582034
-8.71353  0.106209  -1.30862  -0.0582048
-5.39844  3.38884  -1.35057  0.564287
5.39845  -3.38884  1.35057  -0.564286
8.7266  -0.105635  1.30736  0.0568665
-8.72661  0.105634  -1.30736  -0.0568678
-5.41195  3.39447  -1.35185  0.562908
5.41196  -3.39447  1.35185  -0.562907
8.73967  -0.105073  1.30611  0.0555306
-8.73968  0.105072  -1.30611  -0.055532
-5.42548  3.4001  -1.35313  0.561531
5.42548  -3.40009  1.35313  -0.56153
